x1,x2,x3,x4,x5,x6,x7,x8,x9,x10
1.917221297758883725e-01,-5.336736658662295796e-02,2.499953448141194190e-01,5.878602935161559850e-01,-9.037870860739183332e-02,-9.037237166166928182e-02,6.095458374257505252e-01,2.962150763073796433e-01,-1.812081024891613046e-01,2.094177636312441748e-01
-1.373365669894157926e-01,-1.380217598339517349e-01,7.170694652628988031e-02,-5.670118870414118106e-01,-5.111895750429005236e-01,-1.666372262531778392e-01,-3.001584772531865619e-01,9.312905077554142763e-02,-2.690982912607249311e-01,-4.185445331417828041e-01
5.769192241152620859e-01,-8.887169345227897976e-02,2.658093827153399508e-02,-5.608196421811946220e-01,-2.142838487053855268e-01,4.366214863289433201e-02,-4.530623814713316544e-01,1.478849597814028138e-01,-2.364277269625375266e-01,-1.148185945899127536e-01
-1.684077523336242610e-01,5.184221004219776718e-01,-3.777650493876675251e-03,-2.960358363093128498e-01,2.302167485371518219e-01,-3.416939931582707035e-01,5.845747389869348359e-02,-5.484793322366359192e-01,-3.717373594202525444e-01,5.509821162094722530e-02
2.620881492957941594e-01,6.082007890642764092e-02,-4.104457144229834570e-02,-1.068642948251108948e-01,-5.247401881760734854e-01,-2.554789092292270025e-01,-1.634846670725305651e-01,3.751817825674486073e-01,1.219530903859509241e-01,-6.257181353502282439e-01
1.467472006839500021e-01,-1.743676084615183586e-01,-3.065144160378664995e-01,2.769707593984629956e-01,4.668428806130262565e-01,4.216893257266817185e-01,-3.800028200340165307e-01,-1.400132522991985040e-01,1.499981049300658509e-01,4.417327917002906723e-01
-1.813990558477579229e-01,-7.028416892343659905e-02,-4.188207626488532065e-01,-4.528431102281565979e-01,3.075946188113279356e-01,5.134263097948844612e-01,-2.726058087950108608e-02,3.799033959095115542e-01,1.369030893629912815e-01,-2.442203798775387791e-01
8.886186221525539664e-02,3.781805627078701493e-01,-8.809095912021943503e-03,3.847228545109707132e-01,-6.441567770344480692e-01,2.020937332522823870e-01,2.140359336450818259e-02,-7.352150821277179948e-02,2.256262488247883294e-02,-4.887139531874502563e-01
-9.800425410672708448e-02,1.593219394055185589e-01,6.593465596781422633e-01,-2.312206931330696713e-01,-3.607007400064628500e-01,-2.238535175501044638e-01,4.083968259947298174e-01,1.466687777217453581e-01,-2.363468267911455756e-01,2.289887542495052386e-01
4.821169897825704209e-02,4.810589164435987164e-01,-3.486611750717024671e-01,-1.627271071883523157e-01,-1.947329776316556738e-01,-7.268265691026064568e-01,1.470624439437767661e-01,1.296480832442629405e-01,2.539499956893687301e-03,-1.165031908449501857e-01
