x1,x2,x3,x4,x5
2.839623182925458678e-01,-7.904315039072480620e-02,3.702715891939230008e-01,8.706880732762328767e-01,-1.338611648558322431e-01
-1.225114910182726474e-01,8.263185751789193789e-01,4.015580203689674277e-01,-2.456511255857092568e-01,2.838929862793203029e-01
-1.735976935666484755e-01,-1.744637986402446383e-01,9.063981139582634461e-02,-7.167206664110660208e-01,-6.461595272699789394e-01
-2.724338347259570581e-01,-4.907266330714630254e-01,1.522559214267122374e-01,-4.399465896952525212e-01,-6.842750250424718406e-01
6.886278475661734566e-01,-1.060798815734673300e-01,3.172779401880143624e-02,-6.694109104447348857e-01,-2.557755389907131471e-01
7.996633339166588084e-02,-8.297744975533278833e-01,2.708482831874056140e-01,-4.330125527326058044e-01,-2.102879107424916738e-01
-2.545289318586571592e-01,7.835353280585389824e-01,-5.709483867684050917e-03,-4.474240892332684294e-01,3.479461146482797362e-01
-4.557029462122166308e-01,7.796228092139514954e-02,-7.314838792643677534e-01,-4.957705236172906815e-01,7.348217372688717330e-02
4.363011205654228619e-01,1.012478765295232314e-01,-6.832736452036786146e-02,-1.778982060268904097e-01,-8.735409545303147727e-01
-3.195599603699643687e-01,-2.044910630329950518e-01,4.692875663611554282e-01,1.525422386071108583e-01,-7.826652428513342086e-01
2.210928525998742122e-01,-2.627064214928598318e-01,-4.618019716147707121e-01,4.172907898532548510e-01,7.033566821691703552e-01
5.637804546189746357e-01,-5.080473931041092905e-01,-1.871916840624185951e-01,2.005410017048159799e-01,5.905777047966217497e-01
-2.532810719059760962e-01,-9.813529381260417683e-02,-5.847845855890714262e-01,-6.322887835760543362e-01,4.294834634113460781e-01
7.356747284129725450e-01,-3.906095198533717644e-02,5.443533420025771230e-01,1.961647487956975633e-01,-3.499368034160516006e-01
1.051679179832201716e-01,4.475762876245620303e-01,-1.042555550026272142e-02,4.553190829094964087e-01,-7.623588500924326494e-01
3.778569940961120088e-01,4.001854645078269795e-02,-1.374640155714814405e-01,4.218560110604176877e-02,-9.137541394898863745e-01
-1.212524480259186133e-01,1.971156798573112101e-01,8.157542260500153519e-01,-2.860699806571967430e-01,-4.462647884949512700e-01
-3.801748560082060524e-01,6.935884064542471306e-01,2.490904858744673600e-01,-4.013924901725461347e-01,3.888961300544169775e-01
7.441816614501584048e-02,7.425484504411724584e-01,-5.381831755504842274e-01,-2.511807954434880918e-01,-3.005841194238310088e-01
-9.541296536069341361e-01,1.930538104460189641e-01,1.701933941536865058e-01,3.333686903049549836e-03,-1.529376523236349317e-01
-8.216505428623589458e-01,-2.441928800237688491e-01,-1.989525148323300630e-01,-4.657377280719529611e-01,-9.362952660328345555e-02
2.066409994974451325e-01,9.646393103505701561e-01,8.928315118066362799e-02,1.317172560392268765e-01,-3.807337166342045914e-02
-6.132238351813994459e-01,-8.473621169033829226e-03,1.924909027158863695e-02,7.872323511811407659e-01,-6.147701592651309832e-02
1.652620298997900805e-01,-1.902367130318135396e-02,-6.404901575376233946e-01,6.263202874910278606e-01,4.120944272592582114e-01
3.304543973481262609e-01,-3.798975306287957765e-01,5.860187447000069216e-01,-5.856247018322310316e-01,2.451601455366855531e-01
8.683421754152400585e-01,-3.926692041861134519e-01,-2.244922000070868617e-01,3.950387404506466166e-02,-1.995882224741298838e-01
-7.224214459367737096e-01,3.194204648460845924e-02,-4.949049352162660509e-01,2.206367427449753282e-01,-4.283403938066865368e-01
6.734808601137448614e-01,-3.403409197846420930e-01,-1.399428687056473442e-01,3.534912661450763105e-01,-5.348378330280860737e-01
1.078749498121433226e-01,6.199243803570662070e-01,-7.623635940718596071e-01,8.756429239926941110e-02,1.232517868932830607e-01
3.794397202865220642e-01,-6.003255324020250194e-01,-6.408531983468211957e-01,2.533123151198818368e-01,1.441346696404675609e-01
2.827154010887615310e-01,3.910141322164610300e-01,-7.675007955152248762e-01,2.621300250947531940e-01,3.307723223329753215e-01
-2.900371735651154359e-01,7.575318702626074874e-01,1.923831291649861497e-01,-4.836867268234915640e-01,2.665704135763387606e-01
-4.587835546682879073e-01,3.704814436957910573e-01,5.453519999365638027e-01,-3.862959187269787154e-01,4.534620261753812276e-01
1.832803691099564869e-01,3.650059383135173530e-01,8.422019897238904873e-01,-1.089556748902833772e-01,-3.346691511166056676e-01
-6.912993929017559047e-01,-6.340191186747148322e-01,-5.992074229992733203e-02,2.651313404519660688e-01,2.150343774399130214e-01
2.581606078282124850e-01,4.057838833207557880e-03,4.536422144612492491e-01,-8.259834687685402299e-02,8.489539969054132884e-01
3.913705612839291081e-01,-5.361734716726803684e-01,-6.698700188496040653e-01,3.017985525890974352e-01,-1.397815564955712242e-01
3.686651963743698968e-01,2.443503096128719909e-01,-3.760429524704891890e-02,-4.372313113833865561e-01,-7.821723572840437733e-01
-2.790452843298375507e-01,5.351983040107777256e-01,1.337958548252267954e-01,-7.785126345650672519e-01,1.082277770787708204e-01
2.561351607872626723e-01,-5.875337538465368326e-01,1.021869419856070854e-01,3.869355560571639818e-02,-7.597759572016591356e-01
1.663864024576667544e-01,2.607887539836754032e-01,5.036650815552002891e-01,4.900629585402729305e-01,-6.406750917287058478e-01
-2.307537582896407591e-01,1.267254749040009898e-01,1.264180780885729716e-01,1.267285306481695795e-01,9.479724184266696829e-01
3.269311586047572438e-01,6.503029625859914065e-01,5.463270031781022329e-01,3.730314175932510912e-01,-1.805448461519655046e-01
6.256346888935373496e-01,-6.370564834658983822e-01,-1.952146824290099392e-01,-4.000956350363859548e-01,6.749061798592714823e-02
6.643519082308909640e-01,-5.359413313619960650e-01,1.969699866678053801e-01,-4.628807383884948057e-01,-1.354535999850552674e-01
5.971905122569426405e-01,3.525175305327085673e-02,-5.910451381415012806e-01,-3.922791261071811308e-01,3.726976494114789817e-01
-3.085413216677237447e-01,9.144232008372964182e-02,1.925169511330881295e-02,-2.752667273103323597e-01,9.057031279577002492e-01
2.654629981075412037e-01,-8.480585117695005337e-01,7.808051133690223355e-02,-2.771329031932340259e-01,3.569691092631305240e-01
-4.511041728392755079e-01,-6.530818060963919369e-02,2.874396312067991066e-01,4.927893515061415597e-01,-6.832107875658195439e-01
-1.663147766680632134e-01,-2.361438909386788798e-01,-3.248367831378651260e-01,8.777878711026628755e-01,2.013578294973706329e-01
-3.926803251509086712e-01,2.858521012769920655e-01,6.609085495924253983e-01,3.215433052552831850e-01,-4.731812869884534645e-01
-2.733833419590797065e-01,7.152582260057563923e-01,-3.995279439303203728e-01,2.505665034572990835e-01,4.373340460499012261e-01
-2.623674626374390972e-01,-1.684863871821587825e-02,-9.174399955756418201e-01,-2.899526927369852070e-01,-7.148935875550181673e-02
-4.902600386151882983e-01,6.413822853752314535e-01,-5.619094545577147937e-01,-1.728956041070774385e-01,5.136860425376112149e-02
5.672641552587592839e-01,-5.651344102717673623e-01,4.578042958954219865e-01,4.027583636652756933e-03,-3.863074963226764691e-01
5.277260041669283863e-01,2.273278250139789403e-01,-6.854526569434601369e-01,7.971456058198016226e-02,-4.400313266357223640e-01
3.773700451290343955e-02,2.201146282731433479e-01,5.272456259080801066e-01,-4.114917324923705322e-01,7.090924290681667186e-01
-9.055985820484233617e-01,-7.041505350012047804e-02,2.729279021760417367e-01,1.303557335127181749e-01,-2.888782985733032160e-01
-1.709023470126367072e-01,-4.048342580765911802e-01,-4.839646891929591521e-01,6.976620335331452649e-01,2.931680027798180266e-01
-4.434977751353434972e-01,5.757901838790335791e-01,1.966874968121430922e-01,5.202735590077497418e-01,4.029948386688491646e-01
-5.963418830282999350e-01,-4.029691517398227840e-01,5.375695508209811235e-01,4.390730325725586414e-01,-1.503567058746116056e-02
7.675924119375437948e-02,8.358883078685007684e-01,-3.870244919676383843e-01,3.579282061305375517e-01,-1.322807526946399859e-01
-1.049498094665133885e-01,5.297490989238112791e-01,3.979548407145445665e-01,3.922143025290090179e-01,6.294055253379149395e-01
2.540025937865195149e-02,8.246959131475366522e-01,-3.752102225792506296e-01,3.920192114853774945e-01,-1.573839393320050073e-01
3.827153616526968172e-02,2.348301150953357175e-01,-3.228439705908632273e-01,8.255897582869347051e-01,-3.969426006725765288e-01
-5.905997258377504444e-01,5.633226643498697728e-01,3.850767212657299488e-01,3.035813290940081455e-01,3.056367697690986485e-01
-8.218814212660347299e-03,-6.021477717370442573e-01,5.087246967465368364e-02,-4.544434985782624947e-01,6.544032476342094284e-01
-1.292436695598110363e-01,-7.255010651964455271e-01,-2.824549512273014651e-01,3.629112383350499571e-01,-4.954381009720996709e-01
-7.283686146361497693e-01,2.158717025216019825e-01,2.170050305158263693e-01,-4.490784956628913749e-01,-4.172719625465154403e-01
1.071110713390942826e-01,-6.684158891544774717e-01,-6.496659919890173107e-01,-3.316240077976359557e-01,-9.852428039615582223e-02
1.784686156830140868e-01,8.468908795187100047e-01,4.923177902913734583e-01,-9.180866339500971807e-02,-1.091577264582026426e-02
-7.317167368808022987e-01,-1.351219419161461648e-02,-2.106834620444310302e-01,2.355427982768052431e-01,-6.037715682089906943e-01
2.872647690996829595e-01,8.477998366410883779e-01,-6.015821436552079571e-02,2.221977464545001335e-01,3.817375278124264804e-01
-4.434963261701563852e-01,2.477046894894020523e-01,1.391923861247363822e-02,1.079680472370488781e-01,-8.544603858873742741e-01
8.714365203600953763e-03,1.770586750968812795e-01,5.159406549948599707e-01,3.410598480186842751e-01,7.655440588267811153e-01
-2.935752026850804719e-01,3.337362625715584175e-01,7.014379024381996175e-02,8.377844291838224544e-01,-3.092423100427066918e-01
-3.312044998414892527e-01,-2.364134542783710990e-01,-8.377105200201153679e-01,-2.073691789922982864e-01,-2.994183798176150990e-01
6.797181913857226754e-02,1.544596749595524565e-01,8.479522189330631621e-01,4.295525682797404210e-01,-2.607367755134589737e-01
-3.272382463555328913e-01,1.791764673553934151e-01,-4.808812825789855472e-01,6.670899017167332135e-01,4.295988579604771429e-01
-1.835571626312134941e-01,-6.702353627150811066e-01,5.296800259173034542e-01,-4.481180749357555754e-02,4.842750237895458998e-01
-9.046634937359758766e-01,-3.400798395164897903e-01,2.975226678356148249e-03,2.665635399547693074e-02,-2.553629821915004983e-01
4.607834081775583068e-01,-7.898239279512953015e-01,-1.053321208776730605e-01,8.899452065470504769e-02,3.805810468069992236e-01
2.937746423068447466e-01,-4.642838962841662198e-01,-6.333254905744438723e-01,5.274609383449326838e-01,1.371885734950336333e-01
-3.578455911944635748e-01,7.415936942125310738e-01,5.530314290643727898e-02,5.638128108045139530e-01,3.228006078493741993e-02
6.966461428939080269e-01,5.934017511735359962e-01,-8.416357559440228175e-02,3.284444193090130804e-01,2.181725676228612187e-01
5.001430741416165171e-01,-3.526148313838611825e-01,2.507058121921565408e-01,3.867831876930866164e-01,-6.427013672984913661e-01
-4.081878491176159085e-01,-7.034724767084310493e-01,-9.293708442609070752e-02,2.475300425977892127e-01,5.182670457364184635e-01
2.711502471348476231e-02,5.959927341271286094e-01,-5.050488703064662799e-01,-6.233537190873980061e-01,-2.032771026280070018e-02
1.550912663259953472e-01,-1.320261923619072027e-02,-8.348634698497175988e-01,-3.598798022897733290e-02,-5.267639337921986575e-01
3.965252304368498959e-01,2.170694532204742178e-01,-5.565198237668522729e-01,-3.042698975294570451e-01,-6.271794873220050137e-01
-4.026572337519450373e-02,6.135936561694196323e-01,-6.332409691940447116e-01,3.238048798568017306e-01,-3.406431730489037357e-01
-4.266663219396973350e-01,-5.759593236079389722e-02,-5.570919018156429425e-01,-2.979336699971445457e-01,-6.446105021727494000e-01
9.356460779445132658e-01,1.679329263109929568e-02,-3.332249464428549413e-01,1.019020222641555534e-01,-5.349313111314177999e-02
-1.739948126822376262e-01,4.836041706889052105e-01,5.964730550874488557e-01,-4.177246462915716885e-01,-4.534080123764860359e-01
-7.860364637987482528e-02,-6.578377777740753718e-01,-4.330078442865919475e-01,3.906222091213795711e-01,4.700951195624836210e-01
-7.433325942518470564e-02,1.720929965982638810e-01,9.290317387406001048e-02,9.189964885476510359e-01,3.341751357989868332e-01
-6.299330925585569507e-02,-4.705580662083501675e-01,-7.910981490777382330e-01,1.001961308693958413e-01,-3.724666470972046173e-01
-5.287830246003401014e-01,-2.403908409921070022e-01,-4.021112553564434866e-01,6.272663243572762504e-01,3.277869019723044786e-01
-3.476897382023275921e-03,6.454089300772156701e-01,3.374059557287437811e-02,-3.756091194689282764e-01,6.642398555818093131e-01
2.667552868102016639e-01,-5.134268671229985648e-01,-9.421581441703040516e-02,-4.334226111669479686e-01,-6.844725630133248195e-01
