x1,x2,x3,x4,x5,x6,x7,x8,x9
1.960697284008835750e-01,-5.457755494548811870e-02,2.556643795710333289e-01,6.011909434873808911e-01,-9.242818693172326350e-02,-9.242170628586268699e-02,6.233682409623766407e-01,3.029322156379420372e-01,-1.853172791300674860e-01
1.822631823081247993e-01,-1.556767484602018803e-01,-1.564534432359914462e-01,8.128282599406093378e-02,-6.427317126668316005e-01,-5.794547849413200780e-01,-1.888902724466745287e-01,-3.402422004996145111e-01,1.055656780254210086e-01
-3.080948452977090857e-01,-4.791981865971067234e-01,4.972983017685589924e-01,-7.660646479044089241e-02,2.291248914806106457e-02,-4.834206315153730116e-01,-1.847104232330606943e-01,3.763631277845357753e-02,-3.905350064325441850e-01
1.356924301549104206e-01,-2.169351966215481431e-01,-1.053522559015225013e-01,-2.173209026047177028e-01,6.689950862282443289e-01,-4.874849308766193712e-03,-3.820178956051374919e-01,2.970819982663470138e-01,-4.409372251501715856e-01
7.142345737991334653e-02,-6.701331343474669078e-01,-4.541894419366511171e-01,6.731910407620478320e-02,2.525276666888344179e-01,5.860147685173278109e-02,-3.954734269525820439e-02,-1.029660863989549091e-01,-5.055986533309851927e-01
-2.900347836211922825e-01,-1.855974733210564165e-01,4.259285725536303691e-01,1.384483685511936901e-01,-7.103522734682079509e-01,1.305777317402216364e-01,-1.551547606751886577e-01,-2.727408564208523845e-01,2.464524934857822702e-01
4.487011372266717646e-01,4.053022716367647438e-01,-3.652357240078426548e-01,-1.345722686205666208e-01,1.441691049793599466e-01,4.245668386887732626e-01,-2.085413433852969511e-01,-8.080061352862752400e-02,-4.814878670247830228e-01
-4.232965624731980236e-01,2.875250651654787659e-01,4.799269042869512836e-01,-2.548191617953849547e-02,3.551159285152170608e-01,1.279706057360967819e-01,-2.282857902728736010e-01,1.278855294938702203e-01,5.442584737761988478e-01
-9.543581799423529743e-03,4.168003242106169681e-01,-6.978653603818277817e-01,2.189439295140269970e-01,2.318818481667516557e-02,-7.965159360882988204e-02,2.444385420776073320e-02,-5.294620055616502396e-01,-5.851767827799710803e-02
1.600926259841774779e-01,6.625360108367519540e-01,-2.323391749038213050e-01,-3.624455544386281924e-01,-2.249363621489411658e-01,4.103723602729055786e-01,1.473782572756613396e-01,-2.374901051619476011e-01,2.300964394824519255e-01
4.854225633792990519e-02,4.843572354955450465e-01,-3.510517259109109389e-01,-1.638428248261738773e-01,-1.960681394345240025e-01,-7.318099626920130385e-01,1.480707588177043177e-01,1.305369987770509388e-01,2.556911714173154028e-03
-9.013390117261974033e-02,-5.438187710942252728e-01,-1.616218392089973366e-01,-1.316789881806817997e-01,-3.082538204745448596e-01,-6.196976870258243814e-02,1.552458545908139420e-01,7.247170429463549723e-01,6.707690699964087566e-02
8.163014422674985671e-02,-2.359550231716097540e-02,-6.081511684119246253e-01,-8.403526280258736061e-03,1.908985931062244165e-02,7.807202634921310835e-01,-6.096847011031101410e-02,9.557490080604330585e-02,-1.100183447384026243e-02
-3.149916744889251219e-01,3.080229630407630426e-01,2.026671482181570672e-01,2.132054077792483737e-01,-2.451055533896079885e-01,3.780926095482525784e-01,-3.778383775846870796e-01,1.581745294353102960e-01,5.903895369446446884e-01
-3.986892579189703634e-01,-2.279339140306021194e-01,4.010951217984078110e-02,-2.026481309439832068e-01,-6.241395059714475169e-01,2.759648571446943893e-02,-4.275755149657413656e-01,1.906201821534108387e-01,-3.700667571288000501e-01
4.983017622608406638e-01,-2.518148475214573301e-01,-1.035423309284307231e-01,2.615446574593938700e-01,-3.957211711653592090e-01,7.312805360668836463e-02,4.202445831751519534e-01,-5.168036311688632978e-01,5.935952952707364283e-02
1.167111945141342116e-01,3.511101284234179332e-01,-5.555042435155906899e-01,-5.930060474485939759e-01,2.343996021971931909e-01,1.333733387994200659e-01,1.124942490543305862e-01,1.555870002268160135e-01,-3.053934285418690719e-01
8.329088030528110365e-02,1.051017253661688799e-01,-2.561808883218595345e-01,6.691045326037332597e-01,1.699260833424180994e-01,-4.272255649992248161e-01,2.354534231281229240e-01,-3.495405899798358362e-01,2.822644819944312711e-01
3.903957019555428509e-01,-2.765338100374115649e-01,3.246153420900869113e-01,1.390889993411618952e-01,2.769980820103611907e-01,6.391357272068474149e-01,-8.268499166945000867e-02,-2.539759035035469847e-01,-2.997272011436022399e-01
-2.445247779488404771e-01,-2.310988071786637330e-02,1.022543015529429750e-01,8.293319845744087648e-02,2.479336238107161805e-01,3.897088309562971985e-03,4.356712632925719975e-01,-7.932622887059601058e-02,8.153228436826926995e-01
3.123725266888424668e-01,-4.279470114984378903e-01,-5.346569492981070315e-01,2.408806020412425919e-01,-1.115666897473766156e-01,3.564739940374799798e-01,2.362700131952323868e-01,-3.636077788603557515e-02,-4.227727309762310814e-01
-6.285427297053173268e-01,-1.852686675282676221e-01,3.553382988915217422e-01,8.883210409309458266e-02,-5.168838412954631645e-01,7.185649489503388720e-02,1.598764771199196189e-01,-3.667314806187184084e-01,6.378385631282255941e-02
2.187847952409600547e-02,-4.295997734589472317e-01,1.344788829979506883e-01,2.107779230521854286e-01,4.070784425418899621e-01,3.960847658806402882e-01,-5.178143732160248591e-01,-3.524933460268878660e-01,1.935824881330354685e-01
1.178765548019595627e-01,1.181660314235631476e-01,8.839220182822733474e-01,1.309779032497143669e-01,2.605298279922077520e-01,2.188741069231528169e-01,1.494469757215783623e-01,-7.233139078100279951e-02,1.741283052867323433e-01
-2.140595285409234438e-01,-6.559475332183295482e-02,-1.344375031570566870e-01,2.267775345194564945e-02,6.411213197952054799e-01,-5.172009133090131883e-01,1.900824792522746720e-01,-4.466950515633548724e-01,-1.307171541430254547e-01
5.231989964512919755e-01,3.088408379248436600e-02,-5.178150301892270324e-01,-3.436759976852444831e-01,3.265206532081409985e-01,-3.509131542056245778e-01,1.040000502850592229e-01,2.189552122062783657e-02,-3.130689756763071485e-01
6.407635231803600062e-01,1.894602514001949289e-01,-6.052571544333823494e-01,5.572585788906234822e-02,-1.977890323117104665e-01,2.547679249659431377e-01,-2.368617647633909917e-01,-3.429143830641727397e-02,1.509262436701915844e-01
2.940651498387190088e-01,-4.076964772126737691e-01,-1.136177486444006762e-01,-1.613214278496137577e-01,-2.219118752789739635e-01,5.996597758784540932e-01,1.375573699327672927e-01,-4.282758353141484786e-01,3.117638944697839753e-01
6.158401267439463922e-01,2.996167472552703770e-01,-4.409142897781218040e-01,-1.405225370439188159e-01,3.676518833942192810e-01,-2.053624770942797662e-01,1.287943900009599629e-01,2.247952974977269480e-01,-2.689910289841282443e-01
-1.399133986483492784e-02,-7.618547111354226908e-01,-2.407806788818601662e-01,-5.936574056786791259e-02,-2.932894438862333475e-01,3.836956696032768344e-01,-3.361524465815258211e-01,-1.034317537325142866e-01,3.073036386435526457e-02
5.419056049565271760e-01,-5.398710664881966048e-01,4.373389568493713520e-01,3.847537565876581536e-03,-3.690382964502477714e-01,1.737466895923742982e-01,7.484462910021710824e-02,-2.256760687854068026e-01,2.624494700672131212e-02
-1.053499457220121033e-01,3.103717662217993917e-02,1.810354765308161140e-01,4.336384359544347422e-01,-3.384354891116368447e-01,5.832001571538091289e-01,-5.337271910445453571e-01,-4.150009668396445472e-02,1.608538766222473437e-01
1.561279380407740724e-01,-3.459914795123034681e-01,-1.156392819144779344e-01,-2.739268577446505870e-01,-3.274696346101036992e-01,4.720657029408846239e-01,1.983690564486694785e-01,-3.850024103143310228e-01,4.998460444612352060e-01
1.745950111736120358e-01,4.618349886014964656e-01,3.577293396920783186e-01,-4.710010376258444986e-01,-3.182719409826457735e-01,4.245816425755318257e-01,3.467874047099041013e-01,-1.187543026851012491e-02,6.666061743712498044e-02
4.964037890652608920e-01,-2.298398272416284360e-01,2.125605969888529345e-01,-7.855674764188012860e-02,-8.457442514580215676e-02,4.269014468986101485e-01,3.206942638439075344e-01,3.160682171694340070e-01,5.072101679806337859e-01
8.507710275245524215e-03,2.762284349007564366e-01,-1.256750893141496406e-01,1.313051896017606857e-01,-5.271508994663580416e-02,3.928869691813155485e-02,2.410713063460221961e-01,-3.314243477872486632e-01,8.475318485251689404e-01
-4.090183939605067653e-01,-4.936549661072838768e-01,4.708553333353492354e-01,3.218678022843526332e-01,2.537495771982081205e-01,2.554676248917759351e-01,-4.979193653271533036e-03,-3.647984107909645335e-01,3.082000293182101877e-02
-3.651279585675717976e-01,5.257879640399752974e-01,-7.929385342869921249e-02,-4.451109700148954684e-01,-1.732923676580014616e-01,2.226540815358852843e-01,-3.039622466251196697e-01,-4.433441073556960155e-01,1.313969950580624879e-01
1.061166350568728683e-01,-2.196018162476330859e-01,-2.040482493136690778e-01,1.005213013600192301e-01,-6.272930910644235469e-01,-6.096967395400160195e-01,-3.112215797049594501e-01,-9.246279359514021634e-02,1.346814976658234353e-01
6.723280822310203630e-01,3.908402886366190709e-01,-7.288488291152565857e-02,-8.665792331126447728e-03,-4.568582403108339962e-01,-8.436539647069659850e-03,-1.315433567127668735e-01,1.470646534577775555e-01,-3.769737690810899267e-01
2.780235687239908104e-01,8.205264324104405427e-01,-5.822294706860173946e-02,2.150497279054495170e-01,3.694571740590156805e-01,-2.147867452269511535e-01,1.199642046470269230e-01,6.741133536388008510e-03,5.228928423108986090e-02
-2.457811907496880721e-01,7.793096466126562052e-03,1.583403154396582357e-01,4.613962349787682493e-01,3.050035469288993051e-01,6.846119665769706542e-01,-2.439808675963141271e-01,2.773574271458662532e-01,5.829423821786155341e-02
6.317196889897493950e-01,-2.331798600183659642e-01,-2.422450043031380285e-01,-1.729142516976445165e-01,-6.127066166799587377e-01,-1.516710904633511714e-01,-2.189964409966352610e-01,4.338596618789748727e-02,9.859059710505696517e-02
5.303699347877635084e-01,2.686728833767299540e-01,-1.630834185443192641e-01,-2.539705450568351952e-01,1.390593721314816178e-01,-3.732133477806421351e-01,5.177303931547144744e-01,3.334129104013014433e-01,-1.326300648158329487e-01
-5.581885758552870280e-01,4.411306173521876706e-01,-3.732038086592798926e-02,4.033162093332939846e-01,-5.195104582002710858e-01,-1.952936472790273714e-01,1.708548411232310629e-03,1.530763070912688831e-02,-1.466442945960320654e-01
2.261647603624094283e-01,-3.876666047939995030e-01,-5.169980831337473576e-02,4.368087930302160665e-02,1.867993068370468468e-01,2.583964451384198058e-01,-4.083718982441533751e-01,-5.570564365084045289e-01,4.639407620326469472e-01
9.643313093545204107e-02,-2.172008930746316402e-01,4.501237870328947399e-01,3.356724890480640433e-02,3.422164448775061873e-01,1.959297027410262029e-02,5.980017913819113407e-01,5.093766955155286658e-01,-7.224610297199939024e-02
2.559660918462758339e-01,1.700280966867341037e-01,3.605740482616538456e-01,-2.542147713379677154e-01,1.807442995786749662e-01,2.788481676476315951e-01,-4.633502807728555606e-01,-3.117364273122700813e-01,-5.372477330612835944e-01
-8.330281330567031184e-02,2.218699785279632519e-01,4.645411809512495216e-01,2.291071669714225476e-02,5.035813475895964952e-01,-4.267387438540198308e-01,-5.266998872775855434e-01,-1.717580624962537078e-02,1.187562017723558516e-01
-1.099818133927629900e-02,-6.954665336235092976e-01,-2.997907653866276056e-02,-4.388102968959578520e-01,2.252710468596262339e-01,1.233199282536210639e-01,-3.161660183892369691e-01,-1.728596141759208560e-01,-3.563086755469717093e-01
-2.974124533835055192e-02,4.532152395760124519e-01,-4.677272241605169301e-01,2.391701816416142712e-01,-2.516073556677462242e-01,-3.762183319848237950e-01,-5.078592916211263630e-02,-4.912227079712105371e-01,-2.627067162434361669e-01
-4.578806140665529489e-01,7.510027156336560594e-01,1.347925104126194464e-02,-2.674652794411696566e-01,8.179235423833038088e-02,-4.293662708657141475e-02,-8.446411487371859039e-02,2.347610115312765977e-01,2.895521301315627238e-01
-1.457288895111752136e-01,-1.581775141248773775e-01,-7.555681748213759208e-02,-6.323387170605450081e-01,-4.162236253135510600e-01,3.754809390955949344e-01,4.518733262878280033e-01,-6.841030534293217336e-02,1.583804414834882601e-01
7.554216790570532358e-02,7.472617365767330044e-01,2.717271452174525037e-01,-3.104632088586433553e-02,-2.319150540194585830e-01,-3.898935820108181405e-01,4.938177192531213733e-02,-1.835705915701971447e-01,-3.451889965886316691e-01
-1.998267820067893552e-01,-3.342581515791890889e-01,5.214200779873183755e-01,2.724754467964574656e-01,-2.463987119194499704e-03,4.573845919484536560e-01,2.391108616416361132e-02,-2.661844542805754665e-01,4.707295811119904250e-01
1.635467108698717142e-01,-3.147801732227104021e-01,-5.776337835356550737e-02,-2.657298504581119825e-01,-4.196476767155835619e-01,2.810734246937848790e-01,5.794637062133120020e-01,-4.244328516564412901e-01,1.708481184580420142e-01
-4.047871679268194023e-01,-3.030574909746733825e-01,-3.685486782909949688e-01,-5.375184369593889455e-01,3.018697713783886905e-02,-5.169627077497673806e-01,1.682605131441983481e-01,-3.125485944358191714e-02,-1.486578157701027858e-01
-3.535342222644179966e-01,-2.246766946554356048e-01,2.942566573532926499e-01,1.951283152382846942e-01,-3.807988878850881442e-01,3.869411129424813606e-02,2.926968910182833339e-01,-6.503035791204969662e-01,2.116616509197347951e-01
-2.266248929892093478e-01,1.951512611250604823e-01,-2.610433482639707425e-01,-6.172902909064935661e-01,-5.566381009450227513e-01,1.644560090761568519e-02,8.882806172413582058e-02,-3.092866134451397464e-01,2.184059138844821335e-01
-6.328814440039394196e-01,-2.517013145799350260e-02,-4.612822310259653280e-01,-2.482876894043537230e-01,1.805439502526108922e-02,-3.277358278283906690e-01,-1.464791630620079776e-01,3.833020501219340237e-01,-2.197410477965333342e-01
2.454788952352961462e-01,-3.318437336159473783e-01,1.556263872878940191e-01,4.234510141904829772e-01,-7.260288239484398165e-01,-2.340825814996961018e-01,1.695110270950110631e-01,-5.964320630631104320e-02,1.090215854032449416e-01
-3.794627864468005374e-01,5.440133757413260357e-02,-9.780656682894371678e-02,7.336766609948593976e-01,1.598437250658060194e-01,2.121039549984681805e-01,-2.587679047029715629e-01,-3.063459511009640202e-01,-2.717611935864261419e-01
1.170701753866738720e-01,-1.249447568152128873e-01,8.600281168450794878e-02,6.159620126034150989e-01,2.585426997544523209e-01,-9.676112255581982569e-02,3.565104848886348488e-01,-1.211134390158757346e-01,-6.048987219451409381e-01
-2.776521779871748419e-01,-5.152628756172031865e-01,-9.681560336546018997e-02,5.072882194302194905e-03,4.617327563833321658e-01,9.004397380085461811e-02,-6.034576440836841860e-02,2.284390369716888802e-01,-6.090019552112391210e-01
7.443080938454282869e-02,2.435168725055683880e-01,-4.670864648674913910e-01,3.613127298080997529e-01,1.069312600453159734e-01,-1.311897524813056548e-01,1.998962493499670257e-01,7.173135167318736016e-01,5.745168156163850404e-02
1.435201815971580142e-01,-2.656006929291522267e-01,-4.913767228288269950e-01,4.800969530902008953e-01,-4.949843523782865296e-01,4.137932117171293916e-02,-2.761796856688496504e-01,2.769442800740181121e-01,1.929221369452870372e-01
4.693451821249712830e-01,-2.307127941743152555e-01,-1.220815654927184385e-01,-4.427569627401005126e-01,-2.009820462541022923e-01,1.706769648764097647e-01,3.424340066252227754e-01,-4.171539172258577621e-01,3.933779621765505774e-01
3.687907671564741863e-01,1.124717594295725626e-01,5.105677471411877999e-01,-2.105033512462998746e-01,-3.385986603264187766e-01,-4.838870505788562260e-01,4.069872538234841075e-01,1.780151025144720289e-01,-1.512137868831552739e-02
9.443882543683797259e-02,-3.796491952189847696e-01,8.249993840416348645e-01,4.358880067282896315e-02,3.690097725303171511e-02,2.448151009033239789e-01,1.622537048761991674e-01,7.552040585733604816e-02,-2.666423023585569596e-01
1.450188721181802642e-01,5.788915961095322249e-01,4.138375241210615618e-01,4.900480046476783924e-01,-1.572447433281263518e-01,-3.043923790525306372e-01,-3.869077744873735542e-02,1.714041633267021289e-02,3.365621838416718026e-01
-4.986245590701489094e-01,4.506276469394602247e-01,-4.655141228672233372e-02,-1.257653374497944843e-01,-2.981805876392848997e-01,-4.875447107408097946e-01,2.425179600572734406e-01,2.160053357652596054e-02,-3.800411385610439341e-01
-3.423146567775705584e-01,-8.875446541796437605e-02,4.411550423866814064e-01,-6.861507289078866423e-02,-3.973100904621831297e-01,-6.495469963113285894e-02,-7.208617513247433939e-02,-7.128399024528296879e-01,-1.435119546219843813e-02
-6.368722998547146630e-02,1.920001085725683010e-01,5.099059544946235034e-01,3.106846172617167556e-01,-7.415424562270270248e-02,-3.051582193933222720e-01,7.096823393056308493e-01,1.633128672031939135e-02,3.841426471792466421e-03
-1.966751099931518185e-02,1.614847728190430820e-01,-1.176870357579995335e-01,-4.676668639064962552e-01,-4.458161826681921180e-01,-2.670147051902616378e-02,-4.430165418611914929e-01,-5.811337471111276409e-01,8.676518614194202172e-02
-5.906714145918203623e-02,3.484098207237139588e-01,-6.141145089755898345e-01,2.528547070923410356e-01,2.886637915338289284e-01,-4.803144194471132833e-01,-7.938582435167440554e-02,-8.604670800560695887e-02,-3.260592974474531558e-01
-2.495958640282369689e-01,-3.563759201110577313e-01,5.622911700340225138e-01,3.002525668529160141e-01,4.080330207077150773e-01,2.315794521300593434e-01,-3.623047137782719473e-01,-1.683148370960161067e-01,1.570368293607107835e-01
-5.189474709982988543e-01,3.027578044387928546e-01,-1.020484573572535553e-01,-1.591587301591314563e-01,3.018922201064600519e-01,1.886458357919534867e-01,-1.532756864747247261e-01,4.922817933864926943e-01,-4.590477982459316153e-01
2.823051077131505937e-01,2.718393166880527234e-01,-1.418760985848734890e-01,1.494783171079242523e-01,-5.734296718046353325e-01,4.235143158571619271e-01,-8.474719914942857590e-02,-2.395824773694635590e-01,4.807980885553343464e-01
-1.696060404493676399e-01,-3.391576396720835662e-01,-3.748364812722536077e-01,1.459272649144404133e-01,-3.083275330892715216e-01,4.225546377516489760e-01,-5.013288371961616141e-01,4.085068856073185706e-01,5.081303000004325915e-02
-7.100160405457248136e-02,-4.000505049949985570e-01,2.930244287153586646e-01,-2.762938952746884710e-02,8.099853459847510262e-01,8.385984201662158299e-02,1.103435299478564696e-01,-2.669446760808755759e-01,-4.180643709926669394e-02
1.270975111593297679e-01,-7.061627590783350339e-01,-5.566927452941846655e-01,3.069086211701048672e-01,7.055375934771021540e-02,-7.597040208503696990e-02,7.611739925740201688e-03,1.435234431400421728e-01,-2.228775755201489184e-01
-2.945814857479953086e-01,7.412570467633801397e-02,-3.703054819514947082e-01,1.545200734544135146e-01,-6.444129032973613391e-01,3.895263472190815257e-01,1.788739859674281507e-01,9.690500014741640356e-02,3.719398850266427137e-01
5.253699833389759988e-01,3.199806433115797710e-01,-5.806994322004971343e-01,-4.036395346263018102e-01,-1.970975458946692405e-01,8.230360219658200416e-03,1.632943164413981629e-01,-2.289341732576603283e-01,5.891513512430955612e-02
-1.918925469398749528e-01,-1.553459890199297977e-01,-3.573389985321875351e-01,-2.345321444632857133e-01,-3.433731297357631718e-01,-2.479044680304360315e-01,2.676602809696706498e-01,-2.411790934596265423e-01,6.687131483985164770e-01
1.581092400586167623e-01,5.924029718076895268e-02,-2.751051524392602587e-01,2.244505270155028320e-01,-1.844929184465649852e-01,3.910435651904011628e-02,8.205115202767103710e-01,-3.078736392588038093e-02,3.683440878877425328e-01
-2.284707924052803985e-01,-1.136819703173972199e-02,5.753552166413844482e-01,-2.037094182717146817e-01,5.888871461599877177e-01,2.299574327892670855e-01,-1.827524720658835478e-01,2.054771634862185281e-01,3.159950729629772970e-01
2.583642235546417254e-01,-6.524338868972580086e-01,-3.021280507951817906e-01,-1.028448625389365018e-01,-3.092735125595434675e-02,2.578914367886867010e-01,7.383539010422932036e-02,-5.548402717544383966e-01,1.579735426271407506e-01
2.545884659382772752e-01,2.334089724276442734e-01,4.506399126738659389e-01,3.477103153462258178e-01,1.914586982469495546e-01,-2.925613802762653745e-02,-6.925505538139992145e-01,1.791326512171647067e-01,8.659699326021290389e-02
1.176368558564241801e-01,-5.530353164838841540e-01,-4.682695225076169421e-01,4.561827853809485300e-01,-1.713367647003563934e-02,2.951982567227875442e-01,1.226636348159390079e-02,1.288914382598387379e-02,4.064262074905734545e-01
-2.786621938097103013e-01,5.190485457645345468e-02,-2.496269006362215048e-01,-2.346263130263589458e-01,-1.669517727430144538e-01,1.199513932377608005e-01,-2.585224378843447024e-01,6.781035396894847800e-01,-4.830845463644839466e-01
-7.328702468819035809e-02,-1.724530282190736008e-01,5.674734891417260174e-01,7.708454015820195848e-02,4.046671531027765112e-01,-5.826047082913730080e-01,1.047313492401705515e-01,3.488939928517569289e-01,3.227000426166179436e-02
2.859393456644006570e-01,-1.388229425928001193e-01,3.782217807960521760e-01,6.169474732713763343e-01,-9.737375082817992245e-02,-1.195579969770574763e-01,3.900398506733105397e-01,4.239044062658127721e-01,-1.403181677833402752e-01
-1.592102088216905131e-01,-1.067691431385034140e-01,-5.094168543687663808e-01,-3.480803354209840439e-01,-3.804723391036280988e-01,-2.909210991384503786e-01,-1.314222136232911370e-02,8.874475580643699513e-02,5.874898906758134753e-01
-4.902986003752741184e-01,4.834075634470961225e-01,-1.050914069943053586e-01,-2.429197120693789291e-02,3.314085374667261608e-01,-5.513765791693909790e-01,1.878040811906324103e-01,8.174583503046876920e-02,2.418462345457692286e-01
8.588767244558453973e-02,7.292630740402463729e-01,-1.894188876519068976e-01,-1.577145153930912813e-01,-1.850826171809988874e-01,-1.649855123180698768e-01,-1.893140835442227998e-01,3.531567633892741531e-01,4.219122858901905304e-01
-1.813496593422311565e-01,-2.644737272710462883e-01,1.497881834635762799e-01,-1.754640583005553089e-01,2.011085674911162746e-01,6.447702088843119961e-02,-4.816144789989569852e-01,4.917062873030615400e-01,5.706244750126168164e-01
-2.199058417714087055e-01,-1.391308932715742130e-01,1.025858837750117242e-01,1.200234323517333501e-01,2.363257267548230511e-01,7.213836157463876519e-01,-6.349942421495677336e-02,-2.864775905137201262e-01,-4.949836062872847720e-01
-2.096641433510793018e-01,-9.502329921959444883e-03,5.147612173366110655e-01,-1.484745785107994265e-01,6.419261298439832286e-02,-4.710837218717919481e-03,3.408855075397864143e-01,7.248397157393571266e-01,-1.522774279670077446e-01
-1.738436564221096936e-01,3.708747783559482314e-01,2.422005656712958033e-01,6.559306953188506206e-01,2.074050475023036522e-01,-1.276167087486856644e-01,2.097942800086249615e-01,3.937996564909906350e-01,2.914264973714849605e-01
1.881884850823338784e-01,3.957149027938161590e-01,4.337851975175920360e-01,5.127532471916782519e-01,2.406583493677874608e-01,-6.199745391272440398e-02,5.442783327674741156e-02,4.475906132033684037e-01,-3.030667388930254891e-01
1.684981198845299788e-01,-1.797712195585685069e-01,1.313750820675826415e-02,5.843024977066333392e-01,8.733974740802405434e-02,2.122331850428578470e-02,-6.215074364050086064e-01,3.410670634582387284e-01,2.950115137707791102e-01
7.713978148819619074e-01,-1.097510410369954975e-01,7.814710032497530767e-02,8.892805207319404159e-02,5.625061163525795216e-01,-3.398155781626280292e-02,9.949664871429865498e-02,2.167706069090111765e-01,6.654318989300422871e-02
-1.685931489979116127e-01,7.329699651907463365e-02,4.054510047484571889e-01,-3.876577416700262013e-01,5.021525117058749793e-02,-2.643966964459389390e-01,4.513026524058358913e-01,-5.752229859492664632e-01,-2.110736987628464290e-01
1.014625062252851179e-01,4.210948860898223733e-01,-1.768551499681992462e-02,-1.493376512172333026e-01,5.059939081615811851e-01,-3.894869941731090024e-01,-5.914351530518470179e-01,1.183551521810263102e-01,-1.350426198939109201e-01
-3.573861708886626465e-01,2.478933246934716395e-01,8.531943166438532566e-02,-1.974024909280957252e-01,-4.480497286588242534e-01,3.053213513974691318e-01,2.275415609447664911e-01,-3.470715159768762714e-02,6.462410078957985249e-01
-3.820444463098904841e-01,-5.446469640519159272e-01,-2.470268185974311970e-01,-1.627523811763297371e-02,8.687768306525549267e-02,-8.612672477351369926e-02,1.256917332759401040e-01,-4.468278601810347639e-01,5.154565938348001364e-01
-3.950388511853052120e-02,5.372719787847011208e-01,1.648057030395331246e-01,2.196380751928720954e-01,2.739829375913929721e-01,2.152887866926397054e-01,3.090649040667815539e-01,6.391471173358771463e-01,9.450077117759726752e-02
2.388078902984053786e-01,-3.022493408227107034e-02,4.850628086565094144e-01,-2.278236425971138235e-01,6.065959181927713662e-01,-1.352607143395275283e-02,-4.819161816439894719e-01,4.314835391960247790e-02,-2.293930148677729430e-01
2.193592953892984643e-01,-1.702970735053518370e-01,-1.164280433033871021e-01,-4.930607316837345433e-01,-1.180257620604608926e-01,-6.324921684555115942e-01,-4.133069334118081306e-01,1.984241993841151241e-01,2.050483457891349448e-01
1.807649130523276415e-01,-4.108408784723224239e-01,-2.027120897423995149e-02,-1.530617208311238660e-03,-4.921564713676602199e-01,6.387515176879382528e-01,3.727664811172405335e-01,-9.388144261068846752e-02,1.142303436280582910e-02
6.660227215331802897e-02,-6.525690996828260593e-01,-7.900160029000581619e-02,-2.179723986676358749e-01,-3.201327842267123192e-01,-8.984387144778210876e-02,5.745675878296043759e-01,2.048229941519881525e-01,-1.825573755362091544e-01
2.461671558889326483e-01,6.016166729397698365e-01,3.975223345393693597e-01,2.563653509294676336e-02,-2.781337333102094078e-01,3.001830527989470254e-01,1.691688632056185249e-01,3.848651690561566419e-01,2.730756861925984769e-01
3.105595736770966897e-01,-1.583745310674043727e-01,3.898130445631331487e-01,5.846914413761791773e-02,6.140636124934134576e-01,-2.039286563173942912e-01,5.136666036501458255e-01,5.856122102410019764e-02,-1.927526788652400569e-01
-1.623460589270051824e-01,-1.074780853522242507e-01,1.423097451570858596e-01,1.754138579312325419e-01,-1.924791512606667532e-01,-8.171084565994628235e-03,7.187421606513385575e-01,5.795991648324028134e-01,1.463887206505729011e-01
1.682741948570070853e-02,5.314822704316250757e-02,2.716573531364304128e-01,-4.528785356244279248e-01,-1.139628047156946711e-01,-7.388261683319312656e-01,1.767705293378018239e-01,2.865694955240468689e-01,-2.139483458576371400e-01
4.645000551037133385e-01,-3.617363444777024206e-01,-4.321524350866581266e-01,6.623809330601368450e-02,3.090097265149157613e-01,4.969447797882900475e-01,-1.354215742852297455e-01,3.183300636663804473e-01,-1.136425453010125181e-02
-5.887202382050699817e-02,3.013593383362750955e-01,2.224652071241460805e-01,-5.376055620881102781e-01,5.035525590147276187e-01,4.706600352533948373e-01,-2.133390389417850475e-01,1.349830244506884380e-01,1.684817923054912070e-01
7.740758243935527694e-02,-1.634141871870125884e-01,-1.994398671363888098e-01,-7.588331149010555006e-03,3.482441662298569884e-01,1.614231246010396637e-01,-1.100546477068263113e-01,2.291574350570011187e-01,-8.458802789053700977e-01
3.808954122977449841e-01,-5.768356391848308284e-01,-1.201742807646603572e-01,-3.712481370333872710e-01,-4.292766003800705388e-01,3.848944981919179553e-01,-1.550753490012275193e-01,1.148900414173569806e-01,-1.555742239835913691e-02
1.617573824680211270e-01,2.604914989453985599e-02,-4.350434010431146192e-01,3.378191210416782164e-01,-1.674254443449795238e-01,-5.278135521229451177e-01,-1.451674235847565664e-01,5.088851133756699952e-01,2.882974279628149339e-01
-1.402905938494544702e-01,-1.405342629797624032e-01,-1.294194639442573791e-01,8.356415439252220523e-01,1.536831303118984804e-01,1.730400938657577492e-01,4.145653025898587973e-01,9.608394619908645906e-02,-1.042333400050575870e-01
-8.677964504203898588e-02,-3.164520831297541748e-02,-1.645090376716769678e-02,3.215863613502961127e-01,2.295823272978827004e-02,3.238008388630029821e-01,-3.567385563815012733e-02,3.475395542825292922e-02,-8.831335849482037093e-01
2.196109759908171366e-01,8.304089733646329019e-02,2.391873347557068041e-01,-6.941288448264814059e-01,5.005087370086697129e-01,-3.345464218060022199e-02,2.655917928474629264e-01,-2.492282639709898773e-01,1.468599924106721022e-01
-4.162538645738089182e-01,-2.464803535924353639e-01,7.563235021534888691e-01,-7.534755418348633438e-02,8.591791968002884805e-02,3.438045421021126424e-01,1.958671474780793453e-01,5.943755983853180741e-02,1.442131984813425916e-01
6.437713910658110494e-01,-1.543359098845672843e-02,5.386576247605895373e-02,2.814250045649817622e-01,2.961227230492188278e-01,3.179542296976992088e-01,1.710882820586920872e-01,-3.061617254972608948e-01,4.375258678602537143e-01
-5.037787632402893623e-01,1.329977171969881911e-01,-3.314778924213598321e-01,-2.818656324670906765e-02,1.444795970492323556e-01,1.412252725433534029e-01,1.854194355807008698e-01,7.091697426484359079e-01,1.993124854823196401e-01
-9.388489091283867827e-02,3.707178324990894058e-01,4.573838714798503791e-01,-4.720487144274593261e-01,2.297166338420796594e-01,2.696200590434493782e-01,-1.144212895108853018e-01,5.289968218232450337e-01,-5.770046921985214766e-02
3.595056390618882325e-02,-4.954774169257737670e-02,4.460036337959071007e-03,-3.138463181644162159e-01,-4.122639225083856718e-01,4.564817255903906856e-01,-2.424717153338790121e-01,-2.838200397442545153e-01,-6.164817268996153343e-01
-1.476083147395086115e-01,-3.056506204950930616e-01,3.793264486346588638e-01,2.332806295400568497e-01,-1.589715082419225767e-01,5.203414046115421021e-01,2.268003515519730617e-01,-7.504019335678696612e-02,-5.773946042260806877e-01
5.097158671692870735e-01,-3.091684372035551354e-01,-3.660876790097588040e-01,2.275135050216634536e-01,5.428248304230770538e-01,3.079893090851427151e-01,1.254651380488819301e-01,1.323279459911525235e-01,1.898779379299506409e-01
3.337717663250845401e-01,1.236661255311177626e-01,4.582695524596500786e-02,-2.752804300692567735e-02,-3.315886316040656534e-01,-1.234390394958945480e-01,-7.445511920230150071e-01,-4.324911642115828597e-02,-4.347758200804400230e-01
-3.603755084731827263e-01,5.874417700675432091e-02,4.545563498230092425e-01,2.998749703942147349e-01,-5.128447192801938170e-01,-3.231616484070902184e-01,3.072074819313306282e-01,-3.208298490131493153e-01,-7.335363290244942269e-02
2.204283471857196863e-01,-3.880551825373915742e-01,4.222827018532258198e-02,-5.345985143405590501e-01,-2.409925824157605478e-01,1.281496849623798562e-01,-6.383776671015326531e-01,1.765162220776107516e-01,-7.869668286786458966e-03
3.343517283682270747e-01,1.355066768762788476e-01,8.255402778859558532e-01,7.578242565251594454e-02,-2.598644259470467843e-01,7.401108597006093859e-02,3.287890278819692869e-01,2.956877103553238670e-02,2.456497535004991545e-02
-2.290636729487552370e-01,-2.163081438324958305e-01,-4.576776631921725680e-01,5.708963252146712630e-01,-4.058792807573582961e-01,-2.260987022628487830e-01,-2.344201644872647428e-01,2.920186497289424810e-01,-9.624367042822336293e-02
4.055251000846678555e-01,-2.188892710953703469e-01,9.067509867356181308e-02,-2.714937684618531355e-01,6.971888131276553491e-01,-3.859779823768658136e-01,1.006939473106724658e-01,2.059820204031405089e-01,1.344876670299173516e-01
-6.516324831836002585e-02,-4.565624362049867935e-02,1.540792217387695548e-02,-5.169868297453900780e-02,3.389836895615543355e-01,7.774120529053413220e-01,-1.960625755754627497e-01,-4.817418075558606572e-01,-3.104764274971574811e-02
6.395686712726147416e-01,-1.992492208596526038e-01,4.063743701729203850e-01,4.159402242686443540e-01,-1.372471274237675454e-01,1.410638580941907250e-01,4.037165929345057358e-01,-9.399439774344348075e-02,-5.047220572774283043e-02
-2.287416907539655542e-01,-3.990455328970039517e-01,-2.553235629114951055e-01,-4.813054017890231462e-01,1.340307025625190294e-02,-3.027862432550046945e-01,9.193457006257299557e-02,-6.118443844639770424e-01,1.301161890288219658e-01
2.484738776150972606e-01,-5.943299499670953168e-01,1.115057672117647086e-01,3.659664979112975947e-01,-3.605923828445194990e-01,4.985916095192496900e-01,1.249090107806797995e-01,-2.101630988643404807e-01,-1.662468806108407735e-02
2.534422079806478156e-01,3.450124610865052538e-02,2.445583496444846960e-01,-4.179228029786810072e-01,7.687822353978968071e-02,-6.417296309998471449e-01,-5.048901985735616132e-02,-4.103122083596554281e-01,-3.338802563606977913e-01
3.659568120557052384e-01,3.230924502344373894e-01,1.803409721041803748e-01,-3.233892922831465011e-01,-9.367564669069937400e-02,3.591487890230540270e-01,4.195660243913570259e-02,6.866589522378258037e-01,1.164453825294341216e-01
7.082959531145301135e-02,-1.140051798400586458e-01,4.925119373691725505e-02,-5.623236912208303545e-02,2.611574159935524109e-01,3.528411854766703160e-01,-2.898806119201021714e-01,-4.909717528987536106e-01,-6.772105275078044162e-01
1.398410431253457875e-01,-3.037373454676930429e-01,-5.926527684695109821e-01,1.069688290232489181e-01,6.862787503630046748e-01,-1.671214757976645284e-03,2.308217056833402336e-01,2.252617761629516560e-02,-2.722257551246314022e-02
4.966859038854137820e-01,-1.568697241458908154e-01,1.445037444273101490e-01,1.738514352244046601e-01,-3.610484186976307686e-01,5.361180056205561151e-01,-9.455148347973518774e-02,-4.084186404481479071e-01,2.899398271305068664e-01
-3.968447411800996583e-01,1.244734851876824061e-02,-4.027773873340772214e-03,4.796297180362685819e-01,2.096696834876289328e-01,-1.105416906002954121e-02,3.611995774240324142e-01,6.140414195691485943e-01,2.463794939142094076e-01
5.423366570856398387e-03,-6.872239951431297067e-01,-5.579748819018826023e-01,-1.598962855044897824e-01,-3.193016020802991184e-01,-9.794756589744618713e-02,2.967686571867500858e-02,2.774870535442233721e-01,-3.693178364473276992e-02
1.487398782774754791e-01,1.971199220509654501e-02,-6.039664209760933211e-01,-2.871863516009792727e-01,-4.405240099658999653e-02,-3.698442771703492338e-01,1.834183448446346232e-01,4.680018975584051000e-01,3.726163966168417052e-01
-1.216834155046895294e-01,8.498604199028358952e-01,8.475506297263689370e-02,-1.921721353615517547e-01,-3.496998089186201253e-01,-1.724374507244275656e-01,-2.212989400582308641e-01,9.715399678463193522e-02,9.154295184551644593e-02
8.132273222208163520e-04,1.166538761605295099e-01,3.178790792540549526e-01,2.535122316912579721e-01,-3.964384796666621802e-01,-6.818465870527221639e-01,2.494449942043170942e-01,-3.649296615674084143e-01,-6.000793057924367485e-02
-3.004170121248219694e-01,-4.626438360303378183e-01,1.390161560136200514e-01,1.949069191762777820e-01,-1.480143611668662540e-01,-6.652290559627836997e-01,-1.402438237837871637e-01,1.005924949301431892e-01,-3.796985289397318275e-01
9.585363772705972341e-02,-8.003410658402061034e-03,3.028317072128225429e-01,6.251209821123408783e-02,-5.086836744641589636e-01,6.255223681010281256e-01,-8.287327067035553385e-02,-1.427378154201573192e-02,-4.878772250719757286e-01
-1.331667914363493799e-01,-2.658043225606881443e-01,-5.195487035552649735e-02,5.142157746272326690e-01,-4.121339685515659212e-01,-4.847313276433558027e-01,4.419555072238796622e-01,-6.288310074009600958e-02,-2.009967004214189834e-01
3.115487996829421902e-01,-1.814385460140671980e-01,5.470608425561054311e-01,2.031022593220775940e-01,-1.461751402814008283e-01,6.463157561795177530e-01,-1.814683206056753595e-01,2.223270317000768936e-01,8.966614470518140256e-02
4.206127562173641588e-01,5.045484334470882182e-01,1.034103585602676179e-02,-2.434409737253414863e-01,1.486241178646044714e-01,-2.189803242193806565e-01,6.505565786471912970e-01,4.411667847939552967e-02,-1.180410469072205454e-01
6.540809161761469703e-02,-4.771107528406920428e-01,-3.441158479256172797e-01,4.251497337638265317e-01,-2.326517761643588367e-01,-3.707837126977529540e-01,1.900659208883168361e-01,4.199399909826554422e-01,2.546311789583379781e-01
3.459674785129489005e-01,-2.628654152552333811e-01,-4.938521099996696084e-01,5.214736456653327190e-01,-1.120797044178288987e-01,-8.712440927016809611e-02,4.613353203661499369e-01,1.932010852170150672e-01,1.583481847702503942e-01
6.821899204909620540e-01,-2.027719052828886037e-01,2.923614307831072789e-01,1.796477460270851090e-02,8.463313944843930958e-02,4.816187644059806705e-01,1.600185029922054913e-01,1.696165180755236090e-01,3.379459134945073662e-01
-1.078026634925227795e-01,-2.478924804347515942e-01,-3.086241171507883574e-01,-5.808381758818890184e-01,6.073789489875153214e-01,-3.258745327401514347e-01,-6.535566937612252714e-02,-8.176733204751518436e-02,9.080425522716348286e-02
3.550003210633897455e-01,3.744690813887924241e-01,-2.537492156971085100e-01,-7.272962559371039248e-02,1.229758451709601214e-01,-1.082277825305440339e-01,6.995000188488132986e-01,2.136671746567710417e-01,3.198111425834587740e-01
2.646952134984066340e-01,4.685800126262439913e-01,7.228374430494385883e-02,-5.178381492447234891e-01,1.595994527565796350e-01,-2.600934137307640559e-01,-2.110820022352665748e-01,2.341410995730450473e-01,4.944589890486703054e-01
5.694639981987612357e-03,8.267806581174755309e-02,4.557020573478828274e-01,6.445232991976489190e-02,6.964997877828580375e-01,1.513932830730665147e-01,-4.713759648143501235e-01,2.016780123480170772e-01,1.020403802198425885e-01
4.596362410965215139e-01,2.399053189803459218e-01,-4.934231606342367321e-02,-4.363098566975746606e-01,-7.449076109864695427e-02,-3.031046247515035708e-01,-2.068843159993044301e-01,2.097549042187359936e-01,5.951129989376143792e-01
1.831852460652057535e-01,-5.550644432913209858e-01,2.063605885524178729e-01,5.554118216453944878e-01,-2.830283487238191009e-01,-6.220354345029985299e-02,6.817468102977806976e-03,-3.643074804068698880e-01,3.008968263969030166e-01
-5.396522711040345477e-02,1.871890051748069939e-01,-3.959855316935004810e-01,-1.951872500739135763e-01,3.223155913028104003e-01,-1.663524903730962401e-01,7.705450436078163934e-01,-1.783115968824331432e-01,1.002509124199948976e-01
2.254908990079114439e-01,-3.429462882438114035e-01,-4.257455128495505892e-01,-3.688880505704169588e-01,3.052798878400685978e-01,-1.334336401229613001e-01,6.185463517887455076e-01,-1.364292827421061671e-01,4.462261245631092554e-02
3.969641428429500074e-01,5.164008847004527558e-01,5.306644956829849047e-01,3.110530894175396743e-01,2.636103230508402007e-01,1.525260582809467580e-01,2.003627801690137655e-01,-1.418841536333338704e-01,-2.106176786499269760e-01
-1.484972141934740204e-03,-7.489186931652437595e-02,-1.994486654387919722e-01,3.064539964587980614e-01,4.203939919846634843e-01,3.890455481005654359e-02,6.502055714547048115e-01,-5.024145581852469400e-01,-8.522226450959730082e-02
-2.012605440559100123e-01,-5.240631663596830858e-01,-2.321406482100595720e-02,-3.418276617567595627e-02,4.249277819223598596e-01,1.771115368220619879e-01,-2.875585644515767925e-01,5.205692790322647978e-01,3.428268049261820050e-01
1.835225014467819493e-01,-7.140541546747811164e-02,-3.024899216410971703e-01,-1.173485450860995705e-01,3.432583034501118235e-01,5.941682830846578556e-01,4.865504724763782263e-01,-1.541233854427447592e-01,-3.529905560462380243e-01
4.996726799894214005e-02,-6.272016300828231472e-01,1.146159269432023009e-01,-5.234931122532475445e-02,-1.652863306154839784e-01,-5.655836342285178731e-01,1.821554249040998053e-01,-1.889297656954724292e-01,-4.149272860058103030e-01
-7.173820639640050567e-01,-6.872178759907501995e-03,4.426411705739954905e-01,4.149194870164560900e-01,-1.141652925919425937e-01,-1.504097114840912131e-01,1.170820135436275028e-01,-2.493587819679590201e-01,7.537615994075576309e-02
3.564425263001881894e-01,5.708686024982742024e-01,-4.659977948401139436e-02,-9.476550709174599851e-02,-4.085085337674408401e-01,-3.847316406100708686e-01,-1.053763041038764114e-01,1.709281559906612180e-01,4.250734829647591639e-01
-2.445573770576703054e-01,4.545039444565729947e-01,-8.255355381666311387e-02,-6.506058775875993121e-03,-2.275160824427231443e-01,-7.381491246848023158e-01,2.691801411762989038e-01,2.243592298095409276e-01,-8.566052360385377484e-02
2.472626503381450749e-02,1.904330982972973763e-01,-5.767354729935766366e-01,-1.952732745494000777e-01,2.931629901707566987e-01,-4.629580633132634460e-01,1.083521946654974755e-01,-5.007141680327459321e-01,1.721592459841120581e-01
-1.296442524722071082e-02,-5.874967689880062904e-01,4.236685827856895292e-01,-2.672043071931579639e-01,-2.947255970830653937e-01,7.295612294383208019e-02,4.178115525202414915e-01,-3.695005142244327523e-01,2.243576167622759673e-02
1.270223067091122426e-01,2.053089677279558711e-01,5.226481101678490809e-02,-1.087195168816608576e-01,-2.451454614168649682e-01,2.551719610834754168e-02,-3.175847251919070025e-01,-8.653507428776733290e-01,1.293159971639078198e-01
2.374594395167013428e-01,-6.207312587767538359e-01,-2.652515162653877878e-01,1.626489179419206843e-01,5.404944016305530674e-01,5.462409396835778315e-03,-1.912429552809947475e-01,-4.804603652865879759e-02,3.611735813870746159e-01
-2.858780704860048871e-01,-3.536906165890754683e-01,-2.136430952689269969e-01,-4.219053499800443086e-01,5.428900607155764252e-02,7.190181094823706598e-01,1.429820448211340522e-01,-1.116816297244567768e-01,-1.291440689740869507e-01
-3.956092932102251991e-01,2.234957068712031258e-01,-1.969888661344808625e-02,-4.567550593120540264e-02,8.081054603388854174e-01,7.560780569173843058e-02,-1.902618185286703845e-01,-1.079017522053616479e-01,2.906464091126891303e-01
3.601002284165863432e-02,-4.572458297447005160e-01,2.922339097528966478e-01,-2.124110230337401817e-01,5.955438440680124179e-01,3.433602414949039616e-01,-1.422089988353597845e-01,4.072504745733243614e-01,2.157208111477218124e-02
4.011027425248391287e-01,2.279944469213830427e-01,-3.980844922567934319e-01,-3.026941499536078828e-01,4.844428488786558518e-01,-1.574618304421187553e-01,-1.898563597183009488e-01,-4.492426269719425602e-01,1.992401406107493222e-01
6.895523345503563606e-01,-3.569022639995557133e-01,8.097154480135882945e-03,4.721397408590105593e-01,-2.662605758017860119e-02,1.512389136627780017e-01,-3.551840420011475596e-01,1.431934984292927981e-01,-6.256688761799360232e-02
3.133828806454396210e-01,3.774932921879206593e-01,8.232730233503510187e-01,1.842767434646690183e-01,1.035770329011594520e-01,6.179857836074357375e-02,-1.122784846488823207e-01,1.076106463036100858e-01,-9.391389656580902134e-02
4.787922626575507462e-02,3.744816866881334749e-01,-2.860750323090112679e-01,3.239711935210065064e-01,3.743445617118590363e-01,-3.355690940329614930e-02,-6.030641224003040479e-01,-1.727524504121278892e-01,3.686259971618763842e-01
-1.230203977590079226e-02,-5.375818750694674186e-01,-2.715473255961121102e-01,4.522176329291928698e-01,2.941192836947241762e-01,-1.285352536348800812e-01,-1.973358497075765050e-01,-2.107491342764952758e-01,-4.962172409313087007e-01
5.485348188452848772e-01,-1.094507001322023859e-01,4.133117968033149237e-01,5.165948889708681380e-01,3.389974798040467086e-01,-1.465657627449510336e-01,1.370950506491276089e-01,-8.216127464968938504e-03,-3.068709896386769831e-01
1.646835990070149303e-01,-5.986217355954378538e-01,6.030082293935296045e-01,-2.358953573762201383e-01,1.021327212476232649e-01,1.438308347263443088e-01,-1.314511570135971363e-01,2.978760041310707929e-01,-2.411179447034151602e-01
3.037976376402903300e-01,-4.693064564347064205e-01,4.406511741080788858e-02,6.760517347926984222e-01,-3.487882886353940171e-01,-2.363112126812740299e-01,1.791856707771334600e-01,6.261527641104704112e-02,1.222551661249871996e-01
1.832152342613642404e-01,2.377222036036780173e-01,4.156158328254404566e-01,1.534893634899395509e-01,-9.035821873511051816e-02,2.518989986238904244e-01,7.115626972150493890e-01,-4.967531117817910319e-02,-3.649904174623322395e-01
4.009653776996445207e-01,-4.359996539697989087e-02,-7.869031492484793722e-01,3.069214035399320251e-01,-1.938865651159156767e-01,-3.278958141040998198e-02,1.202375060176873733e-01,6.899567319106970908e-02,2.569511181168642744e-01
-2.066860592444601241e-01,2.435249931283193503e-01,-1.231833729023874557e-01,3.506466267206683751e-01,2.920593819995060403e-01,-4.439682893803489905e-01,5.154176552264301270e-01,-2.543734542708054325e-01,3.835120758198309887e-01
1.287287027099601466e-01,6.442558493652481566e-01,-7.832148010814019012e-02,-1.224303055356528169e-01,-6.806281028103156050e-03,-1.062599733454372697e-01,2.803676563906124519e-01,-5.664926617626778738e-01,-3.692999075543553777e-01
-3.957386489860450496e-01,3.521936819695368204e-01,6.339707555790079496e-01,-3.870994524957532129e-02,-6.256705175137132480e-02,2.596204583141744487e-02,4.306039442937257822e-01,-3.436865258945020485e-01,8.834197517284624046e-02
2.601916929574571991e-01,1.336965312732030231e-01,5.058211819838382556e-02,2.670883004623404999e-01,-7.212472275282933998e-01,1.808633671947855182e-01,-1.745134054039883809e-01,-4.884296865271949284e-01,1.363935532168314702e-01
3.816533615757115583e-01,-3.818830220651659585e-02,2.647439390090887135e-01,4.479507801436941605e-01,3.653320711773447860e-01,4.556430546029699435e-01,2.061905796623834108e-01,2.095826649501601052e-02,-4.450855996148505578e-01
-8.157946987354353086e-02,-2.795696765540131024e-01,7.197535770904286423e-01,-5.831311975082453802e-02,4.084727785912111581e-02,1.828392655959548141e-01,1.445593957570589540e-02,5.619766195890499860e-01,-2.064329481240194664e-01
8.409206383081392622e-02,-3.208298665069512778e-01,-5.703965304739249120e-01,-2.643522848567677608e-01,-1.600401535330251562e-02,-1.855063056181779635e-01,-2.992028705496576069e-01,-6.076855471816905441e-01,-3.591084991923333691e-02
-4.526744855270247170e-01,2.286524116193359435e-01,2.480086891269302207e-02,-4.384843765901164647e-01,-9.302130966623650687e-02,-2.262759379169264340e-01,9.601927360781896403e-02,4.032561308400918754e-01,-5.641199173088612406e-01
6.647485172346973004e-02,-9.254252531475715138e-02,3.879749042030145589e-01,1.232087049744693824e-01,-4.345714484788387177e-01,-1.843848214459818946e-01,-4.600322047945600290e-01,6.218365045727360929e-01,1.231623902988481997e-02
4.908444487809252577e-01,-1.566125057447713756e-02,-1.828946100054779644e-01,-3.908068308043050054e-01,-4.655298950806283642e-01,-4.089880828711349170e-01,6.896606150713084638e-02,1.313412986291058460e-01,-4.082276882442690269e-01
2.765655016227009377e-01,-1.492651431476692270e-01,4.535882135548233163e-02,4.981737650417596974e-01,2.771220084844518428e-01,-8.297556894623582535e-02,-2.753770659735910176e-01,-6.649077436225628857e-01,-2.222173010383509950e-01
-1.233852225370761085e-01,-5.769110399245054310e-01,-7.670701356731159104e-02,4.491249919439354449e-02,-1.314065929552828971e-01,-3.798636970710245198e-01,9.856235823005489449e-02,2.582716038122949143e-01,-6.372328926995001197e-01
7.008006687657309941e-01,-4.896806539346672954e-02,9.362481544371850303e-03,3.517653635087636954e-01,1.158368913369255543e-01,4.734165861241627082e-01,1.426126509538506171e-01,-3.041935445569194929e-01,1.795563812003266591e-01
-4.988086462061944726e-01,4.734570172855043918e-02,-1.449246029400532917e-02,-9.076515617491522081e-02,-5.605854063427126444e-02,-8.207231492474860168e-01,-2.393131560839974470e-01,4.049206807443831574e-02,6.971751628077739460e-02
-3.191339880324405298e-01,3.930526047123522049e-01,-2.689817264578587275e-01,3.010550029964708107e-01,1.326608331172105248e-01,-2.006792714476949013e-01,5.513046123169041968e-01,-3.706716910926017294e-01,2.854339132661339873e-01
4.516225242316049826e-01,-3.026909292343820113e-01,6.285027052546410253e-01,-1.128609171500903480e-01,1.303046668263749541e-01,1.174987842763594581e-01,-6.062155182587729285e-02,3.659661702882109902e-01,3.581488224037399082e-01
-4.948384310807921738e-01,3.691311850512237758e-01,-4.704889242147696771e-01,2.922128686206490467e-01,3.188600555961834115e-01,-3.087459222662803926e-01,-1.162613557134698633e-01,-3.129168764234870892e-01,-6.082312880867080107e-02
-1.018790214565264418e-01,2.578643228166734302e-01,4.333705035901103120e-01,4.616073865993987613e-01,-1.859310193128012600e-01,-6.919788107592761417e-02,-5.567790486678341200e-01,-2.665328439422394169e-01,3.191142846016055135e-01
6.812534395912800411e-01,-5.204960107071283648e-01,-2.498283025170817406e-01,-1.113468928431162776e-02,1.181373992740013951e-01,-3.413908433617132698e-01,1.788166109016615379e-01,-1.998069552985136110e-01,-6.094184155850921464e-03
2.886029386877435043e-01,3.392896550203440380e-03,-2.305434411994664035e-01,-5.790705413451334438e-02,-4.668230832391174340e-02,-1.954774844068675188e-01,-1.367224196551194704e-01,8.445681401550918510e-01,2.963347408140019068e-01
-1.191824304598514267e-01,2.811176067608348039e-01,-1.346465930094958019e-01,4.731815860781297123e-01,1.490957338902304807e-01,-4.328048108678053674e-02,1.805872950590769188e-01,-6.336152573670454924e-01,-4.544833524056000607e-01
-3.163555090122647795e-01,3.787577549795143744e-02,4.590662408408397455e-01,5.912298425148970749e-01,1.690650416820741464e-01,1.327092639469147906e-01,-4.772280781410533357e-01,-1.437928221809058882e-01,-2.087398525793368598e-01
-1.833276660735499719e-01,-4.965053245382103353e-02,-1.394017856045925152e-01,-5.844597220286676942e-01,2.208475027893079534e-01,-3.167661045311990220e-01,7.064627347591413697e-02,6.124477829341054003e-01,-2.714814905853104587e-01
-5.587082759778655427e-01,-6.315208224067406229e-02,2.431009338115205642e-01,4.324192093101199563e-01,-2.714946534614294804e-01,1.096752697862642817e-01,-1.027443722363562961e-01,-2.339426719051570028e-02,5.838927391547440449e-01
-7.360900743174423333e-01,1.242707475710839449e-01,2.290559534399975450e-01,5.317713340827414648e-01,4.798792455022185544e-02,1.508698742970035200e-01,-1.918125844890470055e-01,1.318067738525927346e-01,-1.680807816384538578e-01
2.270705016490699446e-01,-1.350247747521947927e-01,1.377610168877841934e-01,-1.069019029263074995e-02,4.113647986624891506e-01,-1.877497806336424560e-02,-6.477181136506410253e-01,4.610008156501960719e-01,-3.308790041394423231e-01
-1.527111383804517497e-01,-1.391385712677651043e-01,3.210504937824880667e-01,-4.988651466830179015e-01,7.329364058680964966e-01,2.466808521225097306e-01,5.214564698748187094e-02,-1.282250986139150950e-02,6.670164133995558353e-02
3.146979989280146994e-01,3.896359909265804111e-01,3.355211829790549216e-01,5.409642647948798705e-02,-1.191697048531662612e-01,-9.135166146097420392e-02,-1.177021798740165714e-01,6.846667141886402241e-01,3.584399798967941586e-01
-8.421837385240958929e-01,1.878625708066515021e-01,5.577618365163463515e-02,-5.358546914850810181e-03,-1.112791416245407505e-01,3.219674575937142569e-01,2.713897642011017797e-01,-2.213669975580587757e-01,1.165875874038893728e-01
-3.853061430832320222e-01,-5.470814281479183805e-01,-2.485219193428301054e-01,3.419782839469813207e-01,3.779574844229992570e-01,2.034617342340127033e-01,2.875334992950969726e-01,2.046881968511926331e-01,-2.543766646468219039e-01
1.865878706875707671e-01,3.457719696086363759e-01,3.258491941286768556e-01,5.136032308359814724e-01,3.059828857714050332e-01,1.518234542530093045e-01,4.622982910836369586e-01,-1.145702013533659788e-02,-3.809644007124957654e-01
-7.009329913645716281e-02,-3.201916724712116635e-01,-2.902210947800399343e-01,-6.212043305570681684e-02,-3.406166719550441369e-01,-1.323753082626499544e-01,-8.139582420001898466e-01,9.168294590908820929e-02,5.181659308696770321e-04
-3.014313797539313611e-01,2.432016844642628794e-01,3.458780962738314813e-01,-5.930433609390688421e-01,-2.813760632982525434e-01,-2.837435633151252912e-01,-3.467387475846541167e-01,3.060007648714851425e-01,-7.150421413437488272e-02
-6.102635649493278608e-02,-4.623121274071209097e-01,1.465976239470110354e-01,-2.859099482620692800e-01,1.382708827296803313e-02,6.399377749633451684e-02,3.139182517174444742e-01,-3.019586344143599388e-01,-6.966332185706092250e-01
6.862184564755630101e-02,6.720408285474088750e-01,4.624367469112497520e-01,7.825538025023112687e-02,-1.835032144920101527e-01,3.012585226648337722e-01,-3.633761352870711336e-01,1.778005453620779275e-01,1.886667453446652376e-01
2.917259605096614306e-01,7.593444183432274119e-01,1.079766602206314041e-01,-1.400457603006853291e-01,-7.036994029025714532e-03,-4.867765938782474544e-01,-1.911563493343830800e-01,-1.126176161284433985e-01,-1.442074726882329183e-01
8.119753211455284225e-02,-4.383087195037088102e-01,5.974533166968893916e-01,1.103552523176573239e-04,-4.956606337873803274e-03,-1.747514957602201158e-01,8.270887808385783690e-02,4.397361367490978945e-01,-4.621370659029582773e-01
-2.994625349707200623e-01,-1.382043574715069445e-01,-6.124112146969544757e-01,-3.727866411790080603e-01,-2.166946313684393610e-01,3.978730284894317903e-01,1.194731973342283704e-01,8.808915528669052086e-02,3.871838268484755208e-01
-4.471080208119671690e-02,1.270857490336890494e-01,-3.359588908037609845e-02,8.636826834715843892e-02,-1.896721830964367417e-01,-7.937690303550196669e-01,-4.370423588492153288e-02,4.630660419125426364e-01,3.014580651289076596e-01
4.389913024070072334e-01,5.621007348499864609e-01,4.031490856940760786e-02,8.972457538153251477e-02,-2.808623539408814374e-01,-1.437265343420453256e-01,2.800071300550041054e-01,5.474375119633484443e-01,-6.340984221947955357e-02
-1.424010907114143243e-01,1.670006881550586194e-04,1.901700095377139577e-01,-4.567112472444382343e-01,-7.263137922789860701e-01,-1.741424195672519604e-01,-3.861282230986269881e-01,-1.607317722317825326e-01,-4.674495868361999013e-02
-1.893263676967567311e-01,6.067101329523862940e-01,1.364845374293373326e-01,1.255111280230412629e-01,2.599021114947339672e-01,-4.757019182195480478e-01,4.340473268670094753e-01,-3.164749591027598424e-02,2.800664212963910327e-01
-3.185292075177084126e-01,-4.617383109959833920e-01,2.430563852880973097e-01,1.118595129594711496e-01,-2.680671995230641813e-01,-2.584421539985624072e-01,3.344511180614195833e-01,-3.534635173124534568e-01,4.881613874333890490e-01
-4.767977246215652221e-01,3.379711412772066770e-01,-1.739739442785364354e-01,3.193335258629546036e-01,-2.880594551758963173e-01,-8.618421074898993672e-02,2.166302525746178695e-02,-5.305681739025377430e-01,3.921999001929289408e-01
-1.351862932829707153e-01,-6.021581894665103268e-02,-2.619229400067064062e-01,-6.749478426071746640e-01,-5.031888638019071935e-02,6.355103552844985071e-01,2.066736974707998886e-01,-5.073403186545379605e-03,-6.924843585700479753e-02
1.046474317662231431e-02,2.548512572026241374e-01,-5.500294582214669825e-01,5.190575085711941483e-01,3.332287660267235774e-01,3.345350765948511551e-01,2.042445423474607835e-01,9.137552932739090999e-03,3.134226663861685580e-01
2.247597393612749683e-01,-1.344579207855802483e-01,-2.178430314910520249e-01,3.868308151186110322e-02,5.882883589048674144e-01,-4.705892737032655870e-01,-5.573381530302283782e-01,6.257303031807393001e-02,1.932618022071615899e-02
5.998725072965863797e-02,8.442333643438512669e-02,-7.724218906535952611e-02,5.155875938366243361e-01,-5.540146894272757194e-01,-2.867127123463409366e-01,-3.573272016620296365e-02,-5.686479333684190118e-01,-6.085681875097023741e-02
6.289927001275080753e-01,7.907122824382507506e-03,8.733782201034760717e-02,-4.770681138918519970e-01,-2.333396255281347254e-01,-1.420403382534483339e-01,-1.202793048603497533e-01,4.851995587100131901e-01,2.111284411590771959e-01
-3.775460263171431241e-01,8.373407107693577045e-02,1.692386474861477252e-01,3.872919674706171156e-01,5.368865749010651722e-01,-3.448126634662581624e-01,-2.754364475562571801e-01,-4.271808217794179630e-01,-7.949312642344423530e-02
1.554030716563102876e-01,3.290062429186654813e-01,-2.530891052080227674e-02,-1.065817412080924259e-01,5.056981805429686117e-02,-2.782919301907036957e-01,6.962901354171665558e-01,-5.357156116106895904e-01,6.156049723358016090e-02
5.148680137837051696e-01,1.730090780199705722e-03,-4.835180854990641514e-02,-9.094517160979170844e-02,-4.589722348623268694e-02,3.492951151592020298e-01,-5.627660847393450849e-01,3.901529638290956448e-01,-3.622987436133732753e-01
-8.518054463479654559e-02,-1.371196479230626097e-01,1.880099386703197872e-01,-5.105115829230855162e-01,1.476383856282283968e-01,6.466540034212439059e-01,-4.354580531008016564e-01,6.060053825154416290e-02,-2.114663787304592868e-01
1.584026888365435703e-01,7.121743465860344915e-03,-2.385919317801838968e-01,1.814571572205870842e-01,6.711016157123265158e-01,-7.100395005758711187e-02,2.677037292734569807e-01,-4.810144821150820760e-01,-3.557329067086016372e-01
2.003072372223838604e-01,6.292871100852998056e-01,1.507853107589159913e-01,-1.327412274572960238e-01,-3.004545633803993730e-04,-5.301913423267388126e-01,2.563234244560427255e-01,3.741222466749711817e-01,-1.916929765435359534e-01
-1.909711709779985112e-01,1.080223913881614983e-01,-1.774327680579556588e-01,-2.686870297723154347e-02,8.530859003101854965e-01,-1.003628877920555162e-01,-1.455883025939635200e-01,-2.630866560983927127e-01,3.023541886768927878e-01
-5.682987240725805023e-02,-2.036361168446688685e-01,4.143461560997202531e-01,4.451716136035390181e-01,-1.882861100995382453e-01,-5.853260378857522150e-01,3.159450167450315594e-01,-2.146922507811323544e-01,2.479313389845488325e-01
-6.864380705377348679e-01,3.110053334046765650e-01,-4.220054368457511473e-01,2.546182121979951862e-01,4.973127333804856082e-03,-3.323785927287105091e-01,-1.418225876079801107e-01,2.391321275215672337e-01,3.689652465193196673e-02
1.634523279191942569e-01,5.527834345360495005e-01,-4.374970122250420590e-01,4.523122670976705839e-01,2.918693028783991492e-02,-2.513776214831520694e-01,-3.720705498599023997e-01,-5.289439003305859699e-02,2.577729471361932534e-01
-3.427034916914044327e-02,4.060224559366407138e-01,-3.899070213626876225e-01,-3.248101300467997471e-03,-3.364975039431142290e-01,9.770190142984704063e-02,2.382920434290628775e-01,-1.130517681643167377e-01,-6.997093975525781051e-01
6.939785536123155296e-02,1.523448161338182283e-01,1.410276465497129761e-01,4.310702823172548048e-01,-3.736090511083323129e-01,2.372755899491609533e-01,4.159750427471020084e-01,-6.204137404125915634e-01,1.115021755079229349e-01
-2.553167777159038865e-01,-4.128309965414406896e-02,1.760634480105846555e-01,-2.467326524188668824e-01,-3.421787204445324027e-01,1.729479175480553438e-02,-5.505815834408687159e-01,-5.498620849545711176e-01,3.440347804553295363e-01
-4.003727226508590475e-01,2.322203475651586080e-01,1.612203142828285418e-01,-6.014706880678022394e-01,-2.361418986564842448e-01,4.161658384438262637e-01,-3.419515622914231501e-01,-1.618521625469568348e-01,1.610354617102451036e-01
2.704681628326572884e-01,-8.684463187042004706e-02,-2.062923697914425258e-01,4.910778964049968831e-01,6.003608568711895632e-01,3.379539776545900098e-01,2.945637074029519228e-02,-2.790564121245605045e-01,-2.867136764034838858e-01
1.919808586899784397e-01,1.537268542821723649e-01,5.149719379836903421e-01,2.389867872304641538e-01,-5.522581000278931063e-01,3.865040291010072293e-01,-3.667050024592636848e-01,-1.410777886353961896e-01,9.192794980372727409e-02
4.638813674982652513e-01,7.228825843748978297e-01,1.410292665514587540e-01,-4.258299463618123171e-02,1.242427470618091695e-01,2.063303706301217455e-01,-7.453733521108492355e-02,4.172864983731191524e-01,5.347861752592109746e-02
2.407140175361483225e-01,3.220482726930452566e-01,2.038839091984250562e-01,4.057208282097247154e-01,-2.985104115497169142e-01,-2.700008521166039621e-01,-5.320466544526756270e-01,2.125476159353571759e-01,3.767022371083743049e-01
1.854449095872913733e-01,6.783409871298645699e-01,-2.266960937472863383e-03,2.709088830473885268e-01,-4.422506995092416182e-01,-1.568150378375958998e-01,2.817640496051966870e-01,3.439733452984868878e-01,-1.190867306957173605e-01
-3.473320073348793585e-02,-7.363291118748768183e-01,-1.731968781449716444e-01,4.319298923619470654e-01,2.790351961629833344e-01,2.428757640594098044e-01,2.414549626201637281e-02,3.426378070698792629e-03,-3.203255074698480587e-01
2.399845411054520872e-01,1.445662425231919179e-01,1.689641034011810927e-01,-1.806455299663842495e-01,-7.394791017775216302e-01,3.767730138629785119e-01,-1.644374839692047119e-01,-2.962856687350894358e-01,2.381474674337870356e-01
-1.644136096619621401e-01,4.445468058098931419e-01,2.587778174033850132e-01,2.866950920377468459e-01,-5.728940504652674237e-01,5.083001542669359774e-01,1.095708109695761184e-01,-1.548781371989340627e-01,6.013840651796149156e-02
-4.964270676094304502e-01,1.142114023617680635e-01,-2.876915567391941098e-01,-3.780479809242449640e-01,-4.254730976309198387e-01,3.109771819231620382e-01,-1.758682495984201510e-01,4.286504036420946684e-01,-1.497472543036314774e-01
-5.499607809294869698e-01,-3.596461129842449256e-01,3.980699657024037164e-01,-5.021670078160297285e-02,-1.766100122184089127e-01,5.154381836660593824e-02,1.616303272622986176e-01,3.599277601222924949e-01,4.665792337833802317e-01
-1.778259578384907280e-01,-6.554370501071784538e-01,-2.043669985424365620e-01,1.286510954512797289e-01,-4.763654537012362300e-01,-4.730992548388502361e-01,1.699270073849459273e-01,-2.404781828648431402e-02,1.621085436864072235e-02
-2.365528709174505584e-01,-7.185535350505077579e-02,-2.882417249938421522e-01,2.776272709982984810e-01,3.228644805588966604e-01,-5.757728743817042139e-01,-2.898876927363169265e-01,-4.667244154421817393e-01,-2.027237621834699632e-01
-3.782882685664522293e-02,-6.572352869721226343e-01,-4.179497097596623356e-01,-4.551708256486245996e-01,9.397016653894776916e-02,3.143910291470459334e-02,-3.272189509132544805e-01,8.016645387715348736e-02,-2.478519829495768323e-01
-7.822169006900173138e-02,4.818619115817207033e-01,3.859788568558971678e-01,-3.742077246860138207e-01,2.389171768337009782e-01,2.336374593959190948e-01,-3.306365007550008395e-01,2.357628060386899593e-01,4.428395759789045538e-01
-4.356175717571472150e-01,-3.560484612705452911e-01,3.949162782555871720e-01,1.053571558012001003e-01,2.140072757587646313e-01,1.321699112496270145e-01,1.516144455200337526e-01,-5.147541232421825041e-01,4.064247535410749346e-01
4.882584696395672053e-01,-9.576174075810023334e-02,-1.814994067848408471e-02,-6.391780118601538829e-01,2.146814198169900711e-01,2.388117997294872119e-01,-2.596233806889987686e-02,4.693739296494351954e-01,-1.394642897047214669e-01
3.594564863072164385e-01,-6.491695244235017315e-01,-1.499448200943338978e-02,-1.110026764583874614e-01,1.434423378852019426e-01,-2.352594001278113245e-01,-8.370205681251198515e-02,5.259031125123801997e-01,-2.780660472413944984e-01
-5.040252635440374274e-01,5.488902387592162757e-01,4.333982824514401311e-01,-4.054166122306017139e-01,2.163793808260143781e-01,-1.577963430242977916e-01,8.266283210849981189e-02,9.230580598892929034e-02,-7.353985891924509632e-02
-3.159714981562802838e-01,-2.783884270760149104e-01,-3.693585274837087873e-01,-3.353452707546121792e-01,-2.708261650450172198e-02,-2.885553246459696686e-01,2.749661314425697056e-01,5.995763995059306684e-01,-2.338457778052482061e-01
1.142066309208901315e-01,2.383720976064045705e-01,2.251661477881609086e-01,3.623405253448051810e-02,3.542926580551442051e-01,2.300542722781729055e-01,-5.904202099596753683e-01,4.146262314884547329e-01,4.232773274712773870e-01
-2.361029841418803565e-01,1.173509659356614630e-02,2.113703020009547462e-01,-6.474586286095940224e-02,3.318982457684222509e-01,7.312033417812131564e-01,-2.431246249381989466e-01,-4.271907352336087316e-01,9.397849203255442818e-02
2.013753009206080136e-01,-6.443071137310886487e-02,4.055792828941333084e-01,-3.735811434467697367e-01,1.933813013220389565e-01,-1.690850123580073250e-01,4.798478867720677998e-01,5.560757051296838505e-01,-2.139602598123478139e-01
-2.322777254228831634e-01,3.633163981368901507e-01,-1.636259833582615619e-01,-1.919366289829747482e-02,1.073075789639394914e-02,-8.113757153562547453e-01,-5.848709765973273203e-03,-2.915227335839117306e-01,-2.084250027101560709e-01
5.669558369586269464e-01,-4.934664209290439141e-01,3.193690817077787236e-01,-1.095567715779849488e-01,-1.098698699503226212e-01,3.104017912860402295e-01,1.335479303991023714e-01,2.240961468301630732e-01,3.802339815298853010e-01
-8.181992840777432829e-02,-1.511980026123143361e-01,-2.679888071093245450e-01,-2.038434096384818817e-01,7.283084491496575330e-01,3.073861071911108134e-01,-3.336613666535315770e-01,-3.265942573000885085e-01,1.190016572871548245e-01
2.146649708271697599e-01,2.153000395063429662e-01,-1.000065749663471976e-01,-4.920951464939041925e-02,1.286109554747846551e-01,3.369158728746327741e-02,-8.705220069975522224e-01,-9.013905376312517093e-02,-3.339647246602035491e-01
4.519025647791080624e-02,7.699533559001753291e-01,9.478029923600407580e-02,-8.086508870159728191e-02,2.377496087616678411e-01,1.244941086468508845e-01,1.083501171712369371e-01,1.565179605417612585e-01,5.304205155782172332e-01
-4.791277730096727416e-01,2.006654901579380257e-01,-3.924833908468806642e-01,2.353561401872193704e-01,-3.892233827782521915e-01,-1.768273736684878861e-01,-1.250218580630164389e-01,4.134279536340759176e-01,3.891250618458611532e-01
-3.632792175042721117e-01,1.602002286846706050e-02,-2.069294522690388882e-01,-3.670083502243710605e-01,-6.328705511690645158e-02,-8.996052244486722749e-02,7.076851322240995668e-01,1.262608273286693894e-01,-4.017442617055201892e-01
-1.391841125334274953e-01,2.517118820642109678e-01,5.146803000351454216e-01,-3.908531167802347661e-01,-4.632925829502787529e-01,4.610846561490305473e-01,9.601735049298984470e-02,-2.139839164212991862e-01,1.317551345086096226e-01
-8.069972205375228747e-01,1.033492090874769086e-03,1.003702939403438299e-01,2.829874128664028876e-01,-3.104284993978642104e-01,2.623517420299608521e-02,-2.833408865317369463e-01,7.819184588449268336e-02,-2.741316943460448408e-01
-1.909775096784992465e-01,-4.660082164689825501e-01,3.047099294889669685e-01,4.017263399339689456e-01,-1.097945602415819760e-01,1.789409957497836365e-02,-6.778922128110504985e-01,-1.402386235296793071e-01,-2.349407748517499603e-02
6.833978693421413064e-01,-2.899564634818742603e-01,3.817987801965061490e-01,2.599408416304321290e-01,7.317873415677628168e-02,4.585777854779353735e-01,9.703020357480487967e-02,1.014771315082508285e-01,-1.385173870249586589e-02
4.542051426207613929e-01,4.070240522445371933e-01,-2.322597817623789362e-01,-4.897222124432560886e-01,-7.534912883311155329e-02,-2.969850210035139826e-01,-2.358117216585018869e-02,4.593535946562919969e-01,-1.697564938549499247e-01
-1.268882382336047367e-02,1.719248310581891065e-02,2.513951411793652890e-01,-6.657667385506580437e-01,-1.797689233796425090e-01,6.260462079295676940e-02,3.555905672517927774e-01,-1.457536351292040566e-01,-5.560337823155424575e-01
1.932153855549019472e-01,-1.980950807397798552e-01,-3.709176322531840264e-01,-1.946601696291051231e-01,-5.753183736754700212e-02,-1.885490001541872129e-01,-6.876576168846301185e-01,2.796898334346533121e-01,3.974841423994775469e-01
3.575947554543254525e-01,-6.244308473195568920e-01,-1.105907655702344644e-01,-3.579293033415710621e-03,3.286546519520830989e-01,3.668257661295534211e-01,-4.029590766313249639e-01,4.500413084102532213e-02,2.509832003156926561e-01
4.964118207838270069e-01,2.402253138094468110e-01,2.690555440200538273e-01,2.858352174406855045e-02,4.809437125398638435e-01,1.397224733659629403e-01,-2.936170237545714934e-01,4.785264187156481608e-01,2.379737066685556623e-01
-1.993563633628252785e-01,-2.157572829789794200e-01,1.334499944069073296e-01,2.084191004638843436e-01,8.877553182112292440e-02,1.400794550004346717e-01,7.649292257779582993e-01,4.821618977540288453e-01,8.578023038278624612e-02
3.251993490063130321e-01,-3.567112790624780150e-01,1.374738797573017424e-01,6.250702574770432562e-01,-7.532942334217100633e-02,-2.928364000305222481e-01,-2.252804615154909984e-01,-3.764410616850859537e-01,-2.711156836673443427e-01
-1.325337761011879667e-01,-5.027828145294137574e-01,5.586805747640893882e-03,3.227519219874626644e-01,-3.247118073583163955e-01,5.434602809934135914e-01,1.827145062491118965e-01,3.686471013970051280e-01,-2.353127982995465717e-01
3.354328837491634130e-01,-4.286246040159543136e-01,3.494552027225249491e-01,6.745332198835493620e-02,2.171716483950821008e-01,-4.614645374933601940e-01,-3.513481508116378382e-01,2.344342532669203283e-01,-3.722618078189152691e-01
1.905268989171630123e-01,-5.623337400640122663e-01,3.488726410614156337e-01,-5.069638496095700830e-01,2.271730677952532307e-01,2.573357134551056968e-01,-2.865975183900374423e-01,2.394002819165614027e-01,1.071256103949705107e-01
-1.863483388573380917e-01,-3.487897012164616894e-01,-6.787372458888951687e-01,1.209199039511543033e-01,-5.411576582840220695e-01,3.297300122731253863e-02,-9.110861912014509012e-02,2.348687775372106934e-01,-1.044567648975255891e-01
-1.415612132118802824e-01,3.144792865723837205e-01,1.439718919329988633e-01,1.358498151078941230e-01,2.016407214960679595e-01,-6.598236860105098911e-01,3.251863515971699647e-01,2.631731920142197922e-01,-4.368610234998158703e-01
-9.043332568302711594e-02,-1.456359327002451284e-02,-4.983189078597471261e-02,1.236971832884805889e-01,5.303302488915468960e-01,4.008012657631923048e-01,-4.861853301935986083e-01,2.304807803104920172e-01,4.923780173295966289e-01
