x1,x2,x3,x4,x5,x6,x7,x8,x9,x10,x11,x12,x13,x14,x15
1.335250891055773104e-01,-3.716776142190036242e-02,1.741095341018003007e-01,4.094159509135978925e-01,-6.294435146404622761e-02,-6.293993809119641236e-02,4.245188719285910572e-01,2.062993171659021352e-01,-1.262025831853699487e-01,1.458492328550653472e-01,-1.245744425657341198e-01,-1.251959632468552241e-01,6.504351381006852340e-02,-5.143217957514006899e-01,-4.636868224708980968e-01
-1.717850314330631734e-01,-3.094310593690388078e-01,9.600602023044432776e-02,-2.774113531665056143e-01,-4.314743313877426600e-01,4.477718369085840200e-01,-6.897714578211575076e-02,2.063061007344857423e-02,-4.352762585420754116e-01,-1.663149164457063955e-01,3.388807250565931128e-02,-3.516412112921113442e-01,1.147798813499774084e-01,-1.835017332980843907e-01,-8.911565235086633952e-02
-1.521943448539396504e-01,4.685111631631987406e-01,-3.413958288949447192e-03,-2.675350720858015729e-01,2.080526978865234466e-01,-3.087975031352903632e-01,5.282949756495015220e-02,-4.956746437082777956e-01,-3.359484530297529026e-01,4.979364728805012186e-02,1.867861097994428232e-01,4.334551549603038456e-02,-2.925182175802880369e-02,-7.616050538902985334e-02,-3.739740948539301835e-01
-2.281886402294861782e-01,-1.460212273107013570e-01,3.351048470546183489e-01,1.089260555828699267e-01,-5.588788949477939694e-01,1.027337296514342357e-01,-1.220700269862932119e-01,-2.145824179591690195e-01,1.938997063301816093e-01,3.268240216035749879e-01,2.952132441654042316e-01,-2.660296537051902166e-01,-9.801947527641748092e-02,1.050095994219414908e-01,3.092451303275480790e-01
-1.105533076345397575e-01,-4.283455232177099670e-02,-2.552495127411850695e-01,-2.759843674007412262e-01,1.874629521154590750e-01,3.129066825025701437e-01,-1.661390887721638648e-02,2.315313980169742825e-01,8.343532596535689627e-02,-1.488396434096402599e-01,8.337985725860778963e-02,3.548501072392427624e-01,-8.265651218770873540e-03,3.609887964709099784e-01,-6.044178996743611032e-01
2.631457071947026494e-01,2.786956142465017369e-02,-9.573215834713409700e-02,2.937873325075820649e-02,-6.363531256404162395e-01,-7.033159525379349686e-02,1.143355077741385478e-01,4.731722698155939599e-01,-1.659327990602032787e-01,-2.588526251753496266e-01,-1.606458325301536871e-01,2.930811578598983558e-01,1.052551157612079541e-01,-1.696115083258645795e-01,1.643310744858892669e-01
3.663489129372692749e-02,3.655449088765225785e-01,-2.649391022883361146e-01,-1.236523501293017163e-01,-1.479728285463831339e-01,-5.522977391955234960e-01,1.117491555255049063e-01,9.851640860521573839e-02,1.929703927322327494e-03,-8.852792625918309843e-02,-5.341291948918076571e-01,-1.587421167532251653e-01,-1.293327771669158244e-01,-3.027614597067019853e-01,-6.086561263440982278e-02
9.816063173910427597e-02,4.582324143547154560e-01,4.241215704950290766e-02,6.256962120390689719e-02,-1.808598595636037171e-02,-4.661487322201508521e-01,-6.441314799987349869e-03,1.463240420822515923e-02,5.984231880961112804e-01,-4.673241872006633074e-02,7.325829687895438203e-02,-8.432921711667023396e-03,-2.839201366302416263e-01,2.776388356729730944e-01,1.826755723176540502e-01
1.935638700657265898e-01,-2.225252163294887120e-01,3.432608464752678890e-01,-3.430300356188514255e-01,1.436027086846895506e-01,5.359999298687608826e-01,-2.423821759028716716e-01,-1.385718750817807599e-01,2.438448150646789492e-02,-1.231994440412927244e-01,-3.794441122239843311e-01,1.677721714816070644e-02,-2.599435064318948996e-01,1.158870814892528495e-01,-2.249811953559788524e-01
4.144171548216326606e-01,-2.094240890865227966e-01,-8.611191337609340468e-02,2.175159732756142827e-01,-3.291050810516469305e-01,6.081760533181482242e-02,3.495001978288921896e-01,-4.298044009693433587e-01,4.936688810119772147e-02,6.948673945869901503e-02,2.090416272118074681e-01,-3.307324442874663428e-01,-3.530600204036394851e-01,1.395552856339462300e-01,7.940693677648667792e-02
7.430471065210937642e-02,1.027683382063360046e-01,-2.017184925773382598e-01,6.889435663174443836e-02,8.693527698889484678e-02,-2.119009598361059898e-01,5.534522642113969271e-01,1.405549820570907715e-01,-3.533811904661651737e-01,1.947561611030949325e-01,-2.891237789188580987e-01,2.334760998529864795e-01,3.436789079691808246e-01,-2.434423262708902691e-01,2.857701704212605720e-01
1.001302092711801733e-01,1.994109962023780103e-01,4.601139875982297456e-01,-5.952494847662375549e-02,-1.828373234986764850e-01,-2.157736953816185022e-01,-1.978949346458954150e-01,-1.870292398463372502e-02,8.275483774210820598e-02,6.711818747523438933e-02,2.006537279866461854e-01,3.153930013962024347e-03,3.525905918393946736e-01,-6.419905176781852407e-02,6.598442179125478813e-01
2.101132603319191550e-01,-2.878529132775036747e-01,-3.596299455875145434e-01,1.620251600935967151e-01,-7.504386245404820466e-02,2.397775307089173025e-01,1.589239083133780206e-01,-2.445759769856408611e-02,-2.843725017255755994e-01,-5.087199938121947929e-01,-1.499498298910584559e-01,2.875981037885537717e-01,7.189752630779815135e-02,-4.183472851061870723e-01,5.815807567371883424e-02
7.964672969906635980e-02,-1.826970648538151776e-01,3.177562862547279876e-02,1.203198793540079595e-02,-2.362567876627863495e-01,7.395615842570184284e-02,1.159165299590223935e-01,2.238712660096586482e-01,2.178253346729690509e-01,-2.847700766614295609e-01,-1.938523964626291674e-01,1.064599648781027336e-01,1.062017259233945521e-01,1.064625319579823870e-01,7.963758703414972606e-01
1.398680454339048529e-01,2.782133238843170764e-01,2.337302153407288252e-01,1.595907085971081940e-01,-7.724089331897965316e-02,1.859472866101682942e-01,-1.893420020034362328e-01,-5.802050485457834611e-02,-1.189139589608786129e-01,2.005914555077064482e-02,5.670908230273065120e-01,-4.574795480090604327e-01,1.681335907479666880e-01,-3.951150220900553345e-01,-1.156231999123575882e-01
2.846906570214198240e-01,1.680509742186690400e-02,-2.817610548950305605e-01,-1.870059886336438992e-01,1.776711727724860912e-01,-1.909439756304245339e-01,5.659002185924605355e-02,1.191410985954995290e-02,-1.703516501041459630e-01,5.605037116532367580e-01,1.657291189009735266e-01,-5.294447472302452606e-01,4.874583064099990981e-02,-1.730146656675566608e-01,2.228565802947712615e-01
-1.897635989736269624e-01,-2.747284583270820368e-02,1.209157045968811545e-01,2.072990819151725728e-01,-2.874026571070728564e-01,-8.009400296556985765e-02,-1.137223635810327843e-01,-1.564351574358117669e-01,4.227257839605928491e-01,9.697006433223336053e-02,-3.019099254562091494e-01,2.197756828149497188e-01,5.081355957015121216e-01,2.472166520776372389e-01,-3.638026097361922173e-01
-1.030125313810171944e-01,2.695137162489485427e-01,-1.505445963414835109e-01,9.441500574051166217e-02,1.647901690712594014e-01,-1.971886317835218616e-01,-1.266300318973229838e-02,-6.895242864814975503e-01,-2.179209807039360347e-01,-5.372956196004753660e-02,-2.654445678058726665e-01,3.472676337656878109e-01,-3.042381604921723381e-01,-9.361195139904397722e-02,2.781282560464454559e-02
3.573060071695333684e-01,-3.559645321784962735e-01,2.883598822788953076e-01,2.536877774512836126e-03,-2.433257729597808339e-01,1.145600550157731407e-01,4.934888168213092535e-02,-1.487997435603188034e-01,1.730463227834646428e-02,-9.552307938213043526e-02,2.814208081417389137e-02,1.641487907479927677e-01,3.931893695524081300e-01,-3.068667940033522612e-01,5.288002241071325660e-01
-6.667999849940389190e-01,-5.184720642012243669e-02,2.009591497634523050e-01,9.598204201419525960e-02,-2.127035631152106587e-01,-7.109102031635183838e-02,-1.684007327503239948e-01,-2.013169751803910446e-01,2.902096236056072032e-01,1.219504167498839803e-01,-2.366861305290914597e-01,3.072880141898639561e-01,1.049682888030551847e-01,2.776598720491073036e-01,2.150705016696352057e-01
-2.831644316641843684e-01,-1.913441501897500951e-01,2.552572285635860139e-01,2.084875626982891639e-01,-7.139473576747394981e-03,4.007616617176507079e-02,4.364190969868428360e-01,-2.020663259748333718e-01,1.868750920848909480e-01,-6.906406764672265441e-02,-7.435457799348076102e-02,3.753153139880135991e-01,2.819420482248145565e-01,2.778750061176333275e-01,4.459196492224034025e-01
6.238998242630089570e-03,2.025678665768321784e-01,-9.216189033314621526e-02,9.629063762987086217e-02,-3.865779897255098435e-02,2.881176052041511601e-02,1.767859280560617474e-01,-2.430449388275383593e-01,6.215244222534319629e-01,-2.988282231876399631e-01,-3.606635754475092104e-01,3.440061980503797967e-01,2.351561320423911638e-01,1.853890592902700252e-01,1.866442623500866038e-01
-5.596082838375843194e-03,-4.099945228586935886e-01,3.463839759920486761e-02,-3.094246198542691118e-01,4.455745912618498950e-01,-6.719690968122554731e-02,-3.772055507065080748e-01,-1.468551605759876866e-01,1.886863301526466308e-01,-2.575902513217743772e-01,-3.757082377951597163e-01,1.113512791661777079e-01,1.119358741844112548e-01,-2.316443718837199739e-01,-2.152378762338538476e-01
7.487226112949850465e-02,-4.672328300913355381e-01,-4.541263679938811193e-01,-2.318102041014035997e-01,-6.886996420812090125e-02,1.003161332584795867e-01,4.760322592297427935e-01,2.767288627604350681e-01,-5.160509637041607589e-02,-6.135690015673676834e-03,-3.234719269217769533e-01,-5.973370939600134225e-03,-9.313738773910938684e-02,1.041270193653603682e-01,-2.669108723980991305e-01
1.499363956457155922e-01,4.425048436443700384e-01,-3.139927621029825477e-02,1.159749917415998782e-01,1.992459750016888076e-01,-1.158331668052742652e-01,6.469595557611483583e-02,3.635451734007099506e-03,2.819928844337376769e-02,-2.231694978438615584e-01,7.076137192147785235e-03,1.437731202185251744e-01,4.189481129665767467e-01,2.769434398177416656e-01,6.216281576830752220e-01
-1.800890606087687806e-01,2.047252270215251524e-01,4.302859770516315185e-02,5.139255954332538900e-01,-1.896997995972325157e-01,-1.970746048398714367e-01,-1.406716638905478878e-01,-4.984578101510648840e-01,-1.233896249158279446e-01,-1.781611026196548986e-01,3.529596891656172630e-02,8.020682623073760453e-02,4.403191725849636695e-01,2.230552939464765239e-01,-1.353937152272733369e-01
-2.167723271053011436e-01,1.186918100915893837e-01,-3.185500345603661243e-01,4.419001507130460582e-01,2.845790343855318927e-01,-1.132041819566952101e-01,-4.133505054610576157e-01,3.266665989669915171e-01,-2.763653532552748371e-02,2.986642260334890220e-01,-3.847085371827100864e-01,-1.446190970362097039e-01,1.265216415985295469e-03,1.133562592414865018e-02,-1.085932172677875479e-01
1.792810523193794636e-01,-3.073037406233378177e-01,-4.098249446235383009e-02,3.462588068597764746e-02,1.480760143561369591e-01,2.048311440109854831e-01,-3.237168493338941078e-01,-4.415792450533755353e-01,3.677663482931017302e-01,9.565322668275845486e-02,-2.154442779097549832e-01,4.464834048080297824e-01,3.329577332459730116e-02,3.394487647440021516e-01,1.943451186161054833e-02
4.151346549585796519e-01,3.536108449577076707e-01,-5.015346352069505187e-02,1.957215468336881148e-01,1.300100409733222218e-01,2.757088251995460371e-01,-1.943824196218952582e-01,1.382040630450188379e-01,2.132180645884565462e-01,-3.542954968158468776e-01,-2.383656964790775712e-01,-4.108003391745994604e-01,-5.427161270441625135e-02,1.445478377929781122e-01,3.026476304627067626e-01
1.826754572132993637e-02,4.015236805162603062e-01,-3.402542843798758709e-01,-4.199569310488984741e-01,-1.369489353446862873e-02,9.468862865554046604e-02,-8.060659634491738196e-03,-5.097132736572783651e-01,-2.197191741797906508e-02,-3.216077584352078911e-01,1.651030455150298004e-01,9.038221294392571881e-02,-2.317207348752254592e-01,-1.266902655483353735e-01,-2.611416260381170251e-01
-1.954356556762489733e-02,2.978167743191031946e-01,-3.073528888636380962e-01,1.571634971420090010e-01,-1.653362122818906321e-01,-2.472205704650447255e-01,-3.337244709160346046e-02,-3.227922399457278657e-01,-1.726298235177992080e-01,-3.735025894484104159e-01,6.126082877384886327e-01,1.099530098691784558e-02,-2.181769033014777093e-01,6.671969759492300811e-02,-3.502428560271872438e-02
-4.412190520987253894e-02,1.226331811236413410e-01,1.512546678323941907e-01,-1.059273375072622703e-01,-1.149759871290362834e-01,-5.492069920557002272e-02,-4.596340295027436795e-01,-3.025444068432552869e-01,2.729293848085820318e-01,3.284574424795120851e-01,-4.972604627224545132e-02,1.151234908592653067e-01,6.214859349131108407e-02,6.147727446224254821e-01,2.235501092549196378e-01
-3.138111329737760385e-02,-2.344159429488375523e-01,-3.940980548382049808e-01,4.991428727772548313e-02,-1.855501511212512833e-01,-3.489113911686726466e-01,-1.586191289294071605e-01,-2.653284825416610260e-01,4.138944627244305341e-01,2.162864136201556042e-01,-1.955871413305508393e-03,3.630641740411507112e-01,1.898021687096361140e-02,-2.112927298759179617e-01,3.736572013392666092e-01
1.477222991952975018e-01,-2.843227520885531212e-01,-5.217432386314348886e-02,-2.400184281647099183e-01,-3.790435119524672158e-01,2.538773926887398225e-01,5.233961021091246835e-01,-3.833656841352980349e-01,1.543172390173811193e-01,-1.783496473880018807e-01,-1.335274458685339893e-01,-1.623829311466621905e-01,-2.368311826366699402e-01,1.330041353785347581e-02,-2.277743069577402024e-01
9.520487801482524493e-02,-1.768457153192347017e-02,-8.411331305173185002e-02,-3.194760845329695509e-01,-2.030321993570477490e-01,2.659090939962198141e-01,1.763303980433816309e-01,-3.441141763216553628e-01,3.496646828584415445e-02,2.644995895971735123e-01,-5.876558141514396372e-01,1.912709752637344607e-01,-2.332535478010737129e-01,2.008593293299051619e-01,-2.686787241653177949e-01
-4.807605529757381091e-01,-4.335231659398172122e-01,1.280823026513674620e-02,6.918143489920440536e-02,-2.408798672169664146e-01,1.700997885096827145e-01,-4.425736748248593755e-01,-1.760146024303351625e-02,-3.225744316739684869e-01,-1.736274560654904597e-01,1.262542934189696958e-02,-2.291854992242045030e-01,-1.024328049049565148e-01,2.680429304691557268e-01,-1.536648039764166029e-01
2.272073788649074111e-01,-3.071438986042127617e-01,1.440427842238928002e-01,3.919326544128615142e-01,-6.719889541281336420e-01,-2.166593170035978899e-01,1.568939607538938075e-01,-5.520383558418168884e-02,1.009068768841612090e-01,-1.642110642971298939e-01,2.354197001999872724e-02,-4.232541637249822436e-02,3.174957588860193303e-01,6.917175847480297457e-02,9.178717238142675150e-02
-1.011314691877340938e-01,-1.197258838962901167e-01,-1.062094961396187753e-01,9.685301185574211880e-02,-1.033677106331056250e-01,7.115075476904914042e-02,5.095898755794996404e-01,2.138942653995881127e-01,-8.005118399387403660e-02,2.949437301649911469e-01,-1.001980334115871174e-01,-5.004371343475827461e-01,-2.475235521201892830e-01,-4.593506097197791460e-01,-8.630993720058265095e-02
4.274865452684066536e-03,3.890974268735624131e-01,7.587912710766417379e-02,-5.085275265703882719e-02,1.925032180505860668e-01,-5.131996603180902783e-01,5.468562267298215235e-02,1.789161224291314634e-01,-3.431766278589643560e-01,2.654628073053602599e-01,7.856427448710590067e-02,-9.638741486323916530e-02,1.468672846108644015e-01,5.270228368949509967e-01,4.221075930501096835e-02
1.039827779695247090e-01,-1.924321553530617679e-01,-3.560106746012811629e-01,3.478382922977867331e-01,-3.586244626989766315e-01,2.998001199583963383e-02,-2.000968129709068677e-01,2.006507744374031732e-01,1.397753229416570098e-01,4.346387512264775488e-01,-2.136523918236265807e-01,-1.130540616892921901e-01,-4.100166374584091611e-01,-1.861201284890690588e-01,1.580560016428498304e-01
1.577789642855176588e-01,-1.922067076695951338e-01,1.812517630963350057e-01,2.825552889505202336e-01,8.617214234897740965e-02,3.911801220909765231e-01,-1.612807058459108378e-01,-2.594230952267774226e-01,-3.707382547831322150e-01,3.118201737802222540e-01,1.363892841362585595e-01,-1.158550024869359207e-02,5.835379677033562112e-02,-2.345854247906440093e-01,5.097675259018926708e-01
3.725441020174722478e-02,3.153847140113492237e-02,2.092381999929579794e-01,1.386747509659997102e-01,6.454566620286489309e-02,-2.278934395044296957e-01,1.359241209947717743e-01,5.425868385483342271e-01,3.878840103994721233e-01,4.593150071026310677e-01,-1.473832557496812246e-01,-2.853026365182695923e-01,-3.626431400623662815e-02,1.606546782134677526e-02,3.154549358340028031e-01
-3.936616408126879518e-01,3.557683143817867988e-01,-3.675211140244079994e-02,-9.929111632642691199e-02,-2.354121096792155532e-01,-3.849141549659875761e-01,1.914667385431791380e-01,1.705351518589858298e-02,-3.000406126430189002e-01,-3.012310127143688065e-01,-7.810240365532494788e-02,3.882088527355678220e-01,-6.038008447821972824e-02,-3.496260488470057659e-01,-5.715901894074502249e-02
-6.014720919453514503e-02,-5.947788276496768223e-01,-1.197433979636483917e-02,-5.093093901474825963e-02,1.535432742602446388e-01,4.077738830460522768e-01,2.484557626102846806e-01,-5.930145434738012117e-02,-2.440362795699539677e-01,5.675358773063993167e-01,1.306019696844564620e-02,3.072004504029040434e-03,-5.320613332336102293e-03,4.368616014808301279e-02,-3.183764389499672137e-02
-1.280246591634010278e-01,-1.220429952185693168e-01,-7.309576380513883344e-03,-1.212765884282694107e-01,-1.590864259246030088e-01,2.375212836394601998e-02,-5.690349188760616267e-02,3.356474499585292981e-01,-5.916192847033643343e-01,2.435925527852911276e-01,2.780899382297336020e-01,-4.627203381662946535e-01,-7.647789448399334999e-02,-8.289478769403235692e-02,-3.141156339857969493e-01
-2.189999456073012107e-01,-3.126907067307979071e-01,4.933644879587650856e-01,2.634470569664656980e-01,3.580155852697268215e-01,2.031920184964045861e-01,-3.178927380052021245e-01,-1.476824959117078451e-01,1.377869670326268281e-01,-3.440989733731267264e-01,2.007498937949964146e-01,-6.766536378603404955e-02,-1.055335245121700738e-01,2.001759500015126425e-01,1.250855665646734283e-01
-1.028970714136170778e-01,3.304787341994150363e-01,-3.081680804356687342e-01,1.755786999873533982e-01,1.690695369140690629e-01,-8.823935617247521956e-02,9.296753008370783888e-02,-3.566426308231564479e-01,2.634032859220915568e-01,-5.270823179488957899e-02,-1.490075055922213121e-01,2.990307331978095395e-01,-2.007803220588660342e-01,-4.014961963716998650e-01,-4.437329544977051121e-01
1.608276354858483859e-01,-3.398103029684428344e-01,4.657009318513718465e-01,-5.525186231264032077e-01,4.502187890003525039e-01,5.600145710652424530e-02,-2.566647803069192768e-02,-1.446148665842725001e-01,1.059258472005529528e-01,-9.987790117574672083e-03,2.928028368474750454e-01,3.031462206294057229e-02,3.988825076485390253e-02,-9.649823768451509798e-02,-1.511267264504470055e-02
9.040898140552822149e-02,-5.023186935167862632e-01,-3.959953550530234123e-01,2.183150210532465163e-01,5.018739909832616031e-02,-5.404044978399582394e-02,5.414501410238249136e-03,1.020933312048805802e-01,-1.585407487299266838e-01,-2.286073198994788558e-01,5.752458827712739198e-02,-2.873722479811077202e-01,1.199139171064638881e-01,-5.000908538341647391e-01,3.022884280791703904e-01
1.252937171902690217e-01,6.787788407088035658e-02,2.605282736573849012e-01,4.415459070299004307e-01,2.689269426568338117e-01,-4.880474058931538739e-01,-3.392378515745994583e-01,-1.656501464402806156e-01,6.917185952032266563e-03,1.372403055989279141e-01,-1.924071614041424905e-01,4.951508004116022404e-02,-2.002650014413645541e-01,-1.621238824076588758e-01,-3.729300392189111024e-01
-1.954714689223935320e-01,-2.861852911954946288e-01,-2.066166692383596126e-01,2.230822065480768113e-01,-2.010113870736572883e-01,5.573408357490157172e-01,1.044476844146440681e-01,3.913441024871634061e-02,-1.817357172304771007e-01,1.482730408654452658e-01,-1.218768625761496027e-01,2.583251609725157813e-02,5.420336489927433110e-01,-2.033827289345636544e-02,2.433297828351818071e-01
-1.927735397268641182e-01,-9.591981360284574168e-03,4.854592595605363159e-01,-1.718809884734796567e-01,4.968769026000380840e-01,1.940279010660310444e-01,-1.541984450751219815e-01,1.733725336235076020e-01,2.666226527689583015e-01,1.704671874239482854e-01,-4.304720218197246595e-01,-1.993423019346252933e-01,-6.785643235278390750e-02,-2.040568353675349320e-02,1.701552455105719563e-01
5.462229234001748923e-02,-4.104623471617535602e-01,1.168664107440481881e-01,1.876837660023513987e-01,1.720701478070099100e-01,3.322137772812813750e-01,2.563336136283034805e-01,1.411442163668447380e-01,-2.156775698173528030e-02,-5.105513936296632860e-01,1.320573988712203384e-01,6.383969422832125318e-02,8.347875679225684464e-02,-3.924509911981448051e-01,-3.322985581181261416e-01
4.340691493512144894e-01,-1.630311491126663556e-02,2.808884076557553455e-01,1.167174679255362710e-02,1.226433762014539179e-02,3.867245407170532556e-01,-2.126938131493507356e-01,3.961729178220414066e-02,-1.905321157315955638e-01,-1.790826538056577710e-01,-1.274288724684482510e-01,9.155500741424063560e-02,-1.973217907551382544e-01,5.175744351783783115e-01,-3.687227636984389267e-01
-4.745635530820353082e-02,-1.116704111806955946e-01,3.674623665413357942e-01,4.991540237963295462e-02,2.620385843320930941e-01,-3.772604517449182349e-01,6.781784555445311002e-02,2.259231748063974810e-01,2.089615173428428785e-02,2.705804590093864870e-01,-1.313662358725545543e-01,3.579060545772403401e-01,5.838088847638901457e-01,-9.214343738996251532e-02,-1.131360835464156472e-01
3.904253940123872946e-01,4.243234237584073143e-01,-1.404568683157267350e-01,-1.128755716097932654e-01,-7.569632720941771309e-02,-3.611622586899309040e-01,-2.467791928517298339e-01,-2.697442147452684402e-01,-2.062548978588372162e-01,-9.317466257184093409e-03,6.291754224279606789e-02,4.165138511895036255e-01,-2.681897156988385933e-01,2.644203693592330762e-01,-5.748422398640615216e-02
-1.347715673303185972e-02,1.838650624132261990e-01,-3.059030703225314451e-01,1.041934808726559941e-01,4.535249204739478374e-02,1.341760032770011324e-01,7.878849288919546889e-02,6.689846969572482704e-01,-1.737621739871566540e-01,-1.446783760782925088e-01,-1.697843247168877301e-01,-1.513483774092051759e-01,-1.736660326264944654e-01,3.239660401636320630e-01,3.870384676891128750e-01
-1.468823138965154873e-01,-2.142078080946304142e-01,1.213194172036826252e-01,-1.421153311362022831e-01,1.628858407821108800e-01,5.222250791976713186e-02,-3.900787535968538444e-01,3.982525111902421311e-01,4.621714954405734543e-01,-1.577019803259036013e-01,-9.977550944848022352e-02,7.356783655442540593e-02,8.607289744970025858e-02,1.694772399449714917e-01,5.173287979139856718e-01
-4.353572653995701341e-02,-1.964113878924499124e-01,-3.393648240358244639e-01,-1.798365014779413906e-01,-8.150491265418129475e-03,4.415292712561278976e-01,-1.273520036904138286e-01,5.506032054566015882e-02,-4.040655072945478418e-03,2.923898006624604529e-01,6.217211800138762179e-01,-1.306138448947375963e-01,-1.204206589111937592e-01,2.569031628897916475e-01,1.677711589083438481e-01
5.045245110841293235e-01,1.595304670665152746e-01,-9.815939099526081735e-02,1.613682014044884316e-01,3.029002615278359456e-01,2.241575400459586143e-01,1.385883832068945110e-01,2.914178758869058750e-01,3.194541321523714505e-01,3.776088822931424893e-01,1.772289708880417647e-01,-4.565702783009976257e-02,4.008250245480581703e-02,3.296209085019115026e-01,-2.231886256409071623e-01
1.056835400766886063e-01,-1.127541298376081719e-01,8.239963603322289151e-03,3.664797950007137595e-01,5.478027708445203786e-02,1.331145672868687055e-02,-3.898150680154809922e-01,2.139203374763389565e-01,1.850338814465382620e-01,6.201165415133282899e-01,-8.822741610405419876e-02,6.282142449448616106e-02,7.148808958395165558e-02,4.521912568627527440e-01,-2.731732667855765392e-02
8.783315785154700850e-02,1.913596807555452972e-01,5.874266698771500594e-02,-1.405327923313275662e-01,6.109756921648547973e-02,3.379684298532726339e-01,-3.231366471861798484e-01,4.185751026400865576e-02,-2.203909604605964745e-01,3.761886073431860988e-01,-4.794838515627687925e-01,-1.759429517222655670e-01,1.187424879659305654e-01,4.928111506827222987e-01,-2.069751802718465539e-02
-1.260856945539680085e-01,4.272103707980873244e-01,-3.288436491385414162e-01,-4.993483655886579720e-01,9.992718812135174822e-02,-1.140164076837066193e-01,-2.319217557985876199e-01,1.608675986838055127e-01,5.536709029937893212e-02,-1.281021371957933863e-01,-2.907568569238438427e-01,1.981348738895619133e-01,1.476605493722411289e-01,-2.252281759332848063e-02,4.193708694647117485e-01
-3.392133750849478102e-01,-4.835864954727330245e-01,-2.193325977704769780e-01,-1.445061826056585202e-02,7.713781047407623770e-02,-7.647104225077079598e-02,1.116004105716662809e-01,-3.967339088370097633e-01,4.576686628829215175e-01,-2.604165517225515841e-02,3.541791285400242573e-01,1.086428151585373397e-01,1.447892783129728911e-01,1.806143664712532848e-01,1.419221509145445204e-01
1.827822367214840815e-01,3.779941952758810730e-01,5.588813902989803184e-02,2.016317154890742147e-01,-2.551969828943795662e-02,4.095511505384025752e-01,-1.923574293480223574e-01,5.121647171751566585e-01,-1.142041405603367102e-02,-4.068943714774350129e-01,3.643127792162929868e-02,-1.936824911907386038e-01,2.390684098402109381e-01,-1.855980184979759140e-01,-1.268889340839206847e-01
-4.347015512240314794e-01,-1.040561102419937656e-01,-5.576297382794241919e-01,-3.643874953745122602e-01,1.749385049953407489e-01,1.807786105498107032e-01,9.787937304498876834e-02,-2.224593640829101160e-01,-1.097631831177431870e-02,-8.287883427798097523e-04,-2.664895860822049101e-01,3.458668888067457092e-01,2.018430947015706356e-01,-5.083429404595372209e-02,6.185268052429714926e-03
5.601413426467566348e-02,-5.488265187479991480e-01,-6.644227145256888234e-02,-1.833201002040304450e-01,-2.692394745470581552e-01,-7.556088576902424137e-02,4.832253460472209494e-01,1.722611304988455605e-01,-1.535352025341165660e-01,1.539125473373869901e-01,3.761523519188800235e-01,2.485452411858897481e-01,1.602888251607390707e-02,-1.738991996704316867e-01,1.876852261503357266e-01
1.079046469164305633e-01,2.454869022023295211e-01,1.741817905595270666e-01,2.878165730229784725e-01,-1.467763954149941541e-01,3.612661277107128699e-01,5.418731257910928967e-02,5.690943044303857778e-01,-1.889944860095671419e-01,4.760496022983838338e-01,5.427264646081247923e-02,-1.786369514071864950e-01,-1.326949665882254381e-01,-8.784815005082630135e-02,1.163181108528726637e-01
1.424684653849651872e-01,-1.563286368711991892e-01,-6.636430509979429800e-03,5.837514426916794452e-01,4.707416194246842323e-01,1.188946906859067315e-01,1.035564214330244800e-02,3.270757113279761097e-02,1.671787131157068396e-01,-2.787027478155326143e-01,-7.013303639845951121e-02,-4.546757399050018744e-01,1.087850900050344460e-01,1.763556882477139987e-01,-1.316644247643498078e-01
3.583879565730507255e-01,-2.790999654168448973e-01,-3.334299456739445167e-01,5.110642000233325821e-02,2.384184097075096043e-01,3.834208891927990970e-01,-1.044853725004457889e-01,2.456095748098248155e-01,-8.768162488397653401e-03,-3.930626782730660407e-02,2.012044107914536251e-01,1.485302601476563011e-01,-3.589356512239396668e-01,3.361999548393994064e-01,3.142390595859795299e-01
-1.534917957988454762e-01,9.711671585316029864e-02,1.212181932976395676e-01,6.396047004945948355e-02,-1.350261550077514472e-01,-1.647935156564156178e-01,-6.270099283386333829e-03,2.877477872596543862e-01,1.333809763975488671e-01,-9.093614316105372297e-02,1.893485986732277859e-01,-6.989354083851165855e-01,2.818680044010689612e-01,-4.268665498059240337e-01,-8.893067127043767506e-02
-3.068376645058752406e-01,-3.547983581552545673e-01,3.181164216744550854e-01,-1.281702267658541838e-01,9.495695322590867737e-02,-1.285825483890470564e-02,1.307296855989572015e-01,2.105249926695951235e-02,-3.515950009361151207e-01,2.730199191485156995e-01,-1.353105210194159580e-01,-4.265703281736934471e-01,-1.173219506577864724e-01,4.112726718407616611e-01,2.329972922504343624e-01
-1.291281329142933421e-01,-1.293524140936807287e-01,-1.191219830448785738e-01,7.691522959014187588e-01,1.414550693177257235e-01,1.592718629744844239e-01,3.815797055640283153e-01,8.843886275825106613e-02,-9.593983611415257684e-02,-7.272087822840238303e-02,-2.651851524773465515e-02,-1.378576933588318218e-02,2.694876501550669268e-01,1.923887618892047846e-02,2.713433704620937803e-01
-1.565687257351490794e-02,1.525313823897026834e-02,-3.875978572425045066e-01,1.777432296945955781e-01,6.720956100999934957e-02,1.935874524928089535e-01,-5.617966139761452204e-01,4.050892219977375031e-01,-2.707668012779822567e-02,2.149580312555051109e-01,-2.017141282193166407e-01,1.188618612809596020e-01,-2.043346387740938574e-01,-1.209946100267153823e-01,3.712712427718196095e-01
-4.894123979790873658e-02,5.580711352299386890e-02,2.233147541545210391e-01,1.272235195572939126e-01,3.860706429801644135e-02,9.367222075598130582e-02,6.168694017921551032e-01,-1.478865040087008233e-02,5.161481410454286239e-02,2.696647857059057962e-01,2.837483143232157889e-01,3.046675235850216379e-01,1.639388262228693993e-01,-2.933678058393907051e-01,4.192424890592216236e-01
-3.636473570331801852e-01,9.600299154941271951e-02,-2.392738009014909462e-01,-2.034617172543527405e-02,1.042910647408774732e-01,1.019419651125417631e-01,1.338430529659798696e-01,5.119066570874853950e-01,1.438716036840735624e-01,-7.745214982000722670e-02,3.058308192563640171e-01,3.773276380754457815e-01,-3.894256828409189408e-01,1.895091634819319748e-01,2.224282629981386150e-01
-6.815830232343356165e-02,3.151120343433480575e-01,-3.437092906487929089e-02,2.876386984213989695e-02,-3.964290509423472331e-02,3.568453197313671554e-03,-2.511068997324416574e-01,-3.298503422250873007e-01,3.652287895806018425e-01,-1.940004301035027079e-01,-2.270830216487740028e-01,-4.932440058206031819e-01,-1.463571556335763746e-01,-3.030598615819441455e-01,3.761111979140762673e-01
1.729683608240627224e-01,-1.178710862215535116e-01,3.858125726169406855e-01,1.681634909834202607e-01,-5.563933562094330182e-02,-4.281152637428675134e-01,3.924082744341727547e-01,-2.380154528567265670e-01,-2.818351235750715111e-01,1.751528403693392022e-01,4.178974380556167434e-01,2.371076929455968041e-01,9.659020151133641818e-02,1.018735815194089095e-01,1.461788395758625569e-01
2.134043449173374518e-01,7.906866658616476529e-02,2.930047520645042217e-02,-1.760066182178981337e-02,-2.120085095531455965e-01,-7.892347411790942568e-02,-4.760452363617218019e-01,-2.765227706264890631e-02,-2.779835157770544352e-01,-3.103200465334615687e-01,5.058472430476625148e-02,3.914193509619521283e-01,2.582229163164065366e-01,-4.416115785052374121e-01,-2.782751197393897313e-01
2.925098265300062339e-01,-3.054804619031431523e-01,-6.984419227275653896e-02,1.710252674852887345e-01,-3.010830605039781505e-01,3.276394028305683326e-02,-4.147826496893286530e-01,-1.869805830141254843e-01,9.942838309439706868e-02,-4.953024992774037183e-01,1.369548630280332802e-01,-6.105894005702284730e-03,1.717832590852636232e-01,6.962063182752477319e-02,4.241461533143970897e-01
3.978671931484528690e-02,-1.364320670134856472e-01,3.885674387330642632e-02,1.726183432834793863e-01,1.552397384414676458e-02,1.289691865644421176e-02,-2.230389872072583435e-01,-2.106189458329123798e-01,-4.456401189751444947e-01,5.558809763986970465e-01,-3.952041043574106571e-01,-2.201519992777854207e-01,-2.282545957424479410e-01,2.843381625847993255e-01,-9.371233116576439814e-02
3.183965899473416017e-01,-1.718601326484454073e-01,7.119323120757017898e-02,-2.131623666504469383e-01,5.473953168445876427e-01,-3.030492400048496737e-01,7.905949457964896177e-02,1.617260506763469885e-01,1.055925134186734976e-01,-4.728137332066617571e-02,-3.312741391426095305e-02,1.117973304276770503e-02,-3.751170779522406545e-02,2.459609486849477777e-01,5.640773050143733647e-01
-1.238753391399872728e-01,-3.043718548210338493e-01,-1.961637637284785809e-02,5.732144897525804916e-01,-1.785774469556251076e-01,3.642137079411552070e-01,3.727871206500945611e-01,-1.230079671658722007e-01,1.264287184034466605e-01,3.618316706525518955e-01,-8.424263595479221378e-02,-4.523579867560997142e-02,-1.292501924232542787e-01,-2.254801551154647088e-01,-1.442702444304176657e-01
-3.066537305252288181e-01,8.539487567133133977e-03,-1.929139600360582907e-01,5.857420001755730271e-02,-3.898239294622226625e-01,8.290082475514008731e-02,2.088376144812684188e-01,-4.995231295829319906e-01,9.371849728799695745e-02,3.075879490328192190e-01,-3.030711065330521925e-01,4.190568575328160739e-01,1.049836710765254394e-01,-1.766381264706156917e-01,-1.397273721284362537e-02
1.706225355999752280e-01,2.322695236645911515e-02,1.646417384497907144e-01,-2.813542736130054678e-01,5.175600992942032408e-02,-4.320256585643028613e-01,-3.399025228140923477e-02,-2.762306639283044207e-01,-2.247750932290721593e-01,3.777452726390360671e-01,3.335001335699799285e-01,1.861502435022656943e-01,-3.338065377054583172e-01,-9.669319311216956203e-02,3.707179447361735325e-01
3.249814661772056079e-02,5.318624962201523587e-01,9.019460333776400940e-02,4.404019382863084281e-02,-7.088576739068626342e-02,3.062324595993501028e-02,-3.496397832982126030e-02,1.623816029100008940e-01,2.193884368643821414e-01,-1.802410176139904174e-01,-3.052748087429413837e-01,-4.210737441473209053e-01,1.164912232317040081e-01,-2.530211025597621233e-01,-4.936951585006884580e-01
1.198628072590852273e-01,7.690025059813286878e-01,-1.872662290996529805e-03,2.586448582467168467e-01,2.524147371304840889e-02,-3.050397346162476986e-02,2.835027097533940887e-01,-8.953946855694835949e-02,8.248110686085736998e-02,9.923243763327348199e-02,-2.060823636270751325e-01,3.060101085052688852e-01,-5.396891993112068464e-02,-2.331207517166815346e-01,1.654943818898728380e-01
-3.085180511848445439e-01,9.676912174794652030e-03,-3.131302539933070346e-03,3.728773763231776894e-01,1.630029969649759714e-01,-8.593816024187595284e-03,2.808065173908369516e-01,4.773727416644145682e-01,1.915422164554360651e-01,3.554906978844548857e-03,-4.504614144084990168e-01,-3.657412376201863990e-01,-1.048087776853839220e-01,-2.092957351787968767e-01,-6.420264627524241430e-02
1.554712607036268061e-02,1.453700079126190869e-01,-1.934783483441439994e-02,1.335165475283954795e-01,1.769449575063753582e-02,-5.421512528158439759e-01,-2.577932065502120951e-01,-3.954369574263560255e-02,-3.319912022436954380e-01,1.646457186911444159e-01,4.201025193940788327e-01,3.344795989138980019e-01,-5.857771619643487720e-02,4.091180566979789046e-01,4.080061366152854668e-02
-8.757291921780145649e-02,-1.593583432857975934e-01,-7.857981550760854972e-02,-1.008460158089178049e-01,4.427311533017048994e-02,4.171615989926921730e-02,7.913378179044762732e-04,1.135139232150720739e-01,3.093227810490168928e-01,2.466884851960018388e-01,-3.857676111718252310e-01,-6.634934360916681095e-01,2.427307248627341152e-01,-3.551069106787321239e-01,-5.839270711153986271e-02
-2.763121392479807037e-01,-4.255222004215931109e-01,1.278617718300002204e-01,1.792679695830741160e-01,-1.361379786190239083e-01,-6.118523789412393388e-01,-1.289909339418973122e-01,9.252115008350740577e-02,-3.492322623761958122e-01,4.329886990245882666e-02,-3.615289362943754307e-03,1.367947112271762911e-01,2.823787674584879101e-02,-2.297818712404537667e-01,2.825600809705982042e-01
-3.872327718146387904e-02,-6.669552131925854388e-03,-2.279649984146632224e-01,-1.082784817668806798e-01,-2.161266197338856387e-01,-4.224472499347127485e-02,4.181110228508453930e-01,-3.351078742529643995e-01,-3.941370942105640318e-01,3.593558935719088909e-01,-5.113051537466752755e-02,-1.634312678637022953e-01,2.540126531816943034e-01,-1.479308747437473037e-01,4.460308504186408785e-01
1.698160980131569464e-01,-1.222186894029052978e-01,5.403919196427082738e-01,-1.517277169693531380e-01,1.858901478111253114e-01,7.497087855418957392e-02,3.260778733102685512e-01,3.911485748554721087e-01,8.016834796175003122e-03,-1.887263612802032309e-01,1.152200820339842474e-01,-1.697633687109295908e-01,5.043406375522643259e-01,3.420122781212100310e-02,-9.151071376193112283e-02
4.939382066567289675e-02,-3.602967519867344981e-01,-2.598638189908064056e-01,3.210576732364668895e-01,-1.756901910025744085e-01,-2.800024241314668649e-01,1.435308962367775609e-01,3.171234642680744731e-01,1.922882395481770867e-01,2.663987399021270353e-01,-2.024092428827022061e-01,-3.802715225355914330e-01,4.015404069033425283e-01,-8.630259744022429624e-02,-6.708674741351816628e-02
3.514504589002994672e-01,1.471827693697175532e-01,1.206314360655601353e-01,5.728763918326192917e-01,-1.702799088263952654e-01,2.455136854814721770e-01,1.508611450471038576e-02,7.107159765977687227e-02,4.044445860372952728e-01,1.343772751064069015e-01,1.424373124721439732e-01,2.837937497199898296e-01,-9.656931937389941212e-02,-2.220613789857987797e-01,-2.764646064397974223e-01
-5.109263585145061848e-01,5.342725866346338393e-01,-2.866510764254559529e-01,-5.748922083491017632e-02,-7.192551547606713946e-02,7.987472137208580236e-02,2.119562879689777246e-01,2.235802948362650422e-01,-1.515033611042701234e-01,-4.342390851940604313e-02,7.342388754524568906e-02,-6.461841772867507605e-02,4.176430798296380531e-01,1.275720006827308350e-01,1.909462572598725760e-01
1.636295106160981228e-01,2.896671879220775181e-01,4.468442609820118261e-02,-3.201176244154870787e-01,9.866132448712905401e-02,-1.607847661495074576e-01,-1.304868504009828456e-01,1.447415426667059413e-01,3.056650754217419275e-01,5.250801094970893382e-03,7.623415700861842226e-02,4.201847472836355291e-01,5.942893064119657287e-02,6.422147598276707336e-01,1.395937265649298820e-01
-4.797440050443377291e-01,2.052582749129461537e-01,1.038518387380960029e-01,3.514108579041483327e-01,1.834175080657923507e-01,-3.772423509830277050e-02,-3.335768752445553709e-01,-5.695125824099554063e-02,-2.317359831429682826e-01,-1.581715897745354926e-01,1.603662728275372928e-01,4.549884252113649552e-01,1.075336807356322977e-01,-3.258347706198133631e-01,1.211381054013158792e-01
4.262456648546874560e-01,-2.172074881609767916e-01,-4.773753402609152985e-02,5.232002832728138535e-03,-2.795844059234022239e-01,2.309204860643010448e-01,-4.308228940288076625e-02,1.494393950660071468e-01,-3.161288145952075856e-01,-1.558246679520726152e-01,2.573155775877638551e-01,-1.328048915365731830e-01,6.151525036437328620e-01,-1.423522559269993770e-01,8.003373752036795075e-02
1.685418378254180949e-01,-2.563331733135250645e-01,-3.182209636721117230e-01,-2.757231900201545516e-01,2.281796452720578627e-01,-9.973418454139161560e-02,4.623288095854594104e-01,-1.019732598864285383e-01,3.335290756765383474e-02,2.786967624511533792e-01,3.625497599410785199e-01,3.725638185742460862e-01,2.183811574270933253e-01,1.850729969130676111e-01,1.070840260984311093e-01
