x1,x2,x3,x4,x5,x6,x7,x8,x9,x10
1.917221297758883725e-01,-5.336736658662295796e-02,2.499953448141194190e-01,5.878602935161559850e-01,-9.037870860739183332e-02,-9.037237166166928182e-02,6.095458374257505252e-01,2.962150763073796433e-01,-1.812081024891613046e-01,2.094177636312441748e-01
-1.373365669894157926e-01,-1.380217598339517349e-01,7.170694652628988031e-02,-5.670118870414118106e-01,-5.111895750429005236e-01,-1.666372262531778392e-01,-3.001584772531865619e-01,9.312905077554142763e-02,-2.690982912607249311e-01,-4.185445331417828041e-01
5.769192241152620859e-01,-8.887169345227897976e-02,2.658093827153399508e-02,-5.608196421811946220e-01,-2.142838487053855268e-01,4.366214863289433201e-02,-4.530623814713316544e-01,1.478849597814028138e-01,-2.364277269625375266e-01,-1.148185945899127536e-01
-1.684077523336242610e-01,5.184221004219776718e-01,-3.777650493876675251e-03,-2.960358363093128498e-01,2.302167485371518219e-01,-3.416939931582707035e-01,5.845747389869348359e-02,-5.484793322366359192e-01,-3.717373594202525444e-01,5.509821162094722530e-02
2.620881492957941594e-01,6.082007890642764092e-02,-4.104457144229834570e-02,-1.068642948251108948e-01,-5.247401881760734854e-01,-2.554789092292270025e-01,-1.634846670725305651e-01,3.751817825674486073e-01,1.219530903859509241e-01,-6.257181353502282439e-01
1.467472006839500021e-01,-1.743676084615183586e-01,-3.065144160378664995e-01,2.769707593984629956e-01,4.668428806130262565e-01,4.216893257266817185e-01,-3.800028200340165307e-01,-1.400132522991985040e-01,1.499981049300658509e-01,4.417327917002906723e-01
-1.813990558477579229e-01,-7.028416892343659905e-02,-4.188207626488532065e-01,-4.528431102281565979e-01,3.075946188113279356e-01,5.134263097948844612e-01,-2.726058087950108608e-02,3.799033959095115542e-01,1.369030893629912815e-01,-2.442203798775387791e-01
8.886186221525539664e-02,3.781805627078701493e-01,-8.809095912021943503e-03,3.847228545109707132e-01,-6.441567770344480692e-01,2.020937332522823870e-01,2.140359336450818259e-02,-7.352150821277179948e-02,2.256262488247883294e-02,-4.887139531874502563e-01
-9.800425410672708448e-02,1.593219394055185589e-01,6.593465596781422633e-01,-2.312206931330696713e-01,-3.607007400064628500e-01,-2.238535175501044638e-01,4.083968259947298174e-01,1.466687777217453581e-01,-2.363468267911455756e-01,2.289887542495052386e-01
4.821169897825704209e-02,4.810589164435987164e-01,-3.486611750717024671e-01,-1.627271071883523157e-01,-1.947329776316556738e-01,-7.268265691026064568e-01,1.470624439437767661e-01,1.296480832442629405e-01,2.539499956893687301e-03,-1.165031908449501857e-01
-5.431439172848646635e-01,-1.614212740213584463e-01,-1.315155806789369275e-01,-3.078712918160017575e-01,-6.189286710098824279e-02,1.550532017036264643e-01,7.238177027927283902e-01,6.699366767688312574e-02,9.883412448724127053e-02,-2.856837796188871001e-02
-5.297327011000882990e-01,-7.319927850885553366e-03,1.662830437807707659e-02,6.800497564827994168e-01,-5.310684913721818584e-02,8.325093001723087027e-02,-9.583195421793411911e-03,-3.226476239836963966e-01,3.155095363036788947e-01,2.075930226988874916e-01
2.274667448498222666e-01,-2.615006952913462301e-01,4.033832726924232448e-01,-4.031120351202088781e-01,1.687548439955863233e-01,6.298807687900647156e-01,-2.848356180495976719e-01,-1.628428556521718806e-01,2.865544396918452349e-02,-1.447779303744284873e-01
-4.927405963413151180e-01,2.178664977585046195e-02,-3.375588505605707779e-01,1.504892757633877753e-01,-2.921573027330261474e-01,4.925089401851592830e-01,-2.488874675316930518e-01,-1.023386380142247420e-01,2.585041671776954209e-01,-3.911208616546309469e-01
7.715377768377619516e-02,4.433791895719399467e-01,-5.452538458062268223e-01,6.262729169816867725e-02,8.815152156874578315e-02,2.651921453427824038e-01,-4.195702435199059610e-01,-4.478952134769794702e-01,1.770411285293543302e-01,1.007363758105387919e-01
9.569976011910923119e-02,1.323591092391482038e-01,-2.598006395801982782e-01,8.873156688661618108e-02,1.119671294149555130e-01,-2.729150123505482139e-01,7.128114551227978657e-01,1.810259127363607612e-01,-4.551325866344277382e-01,2.508335977048269938e-01
-3.148102114937461615e-01,2.542186624991555899e-01,3.742121457747058511e-01,-2.650703117759706240e-01,3.111586605755071178e-01,1.333231709170814849e-01,2.655153377082498101e-01,6.126408429224655672e-01,-7.925734838011130878e-02,-2.434475260589700762e-01
-2.576172131828562972e-01,-2.362713465898312326e-01,-2.232985418714110090e-02,9.880291774591128118e-02,8.013395877877409201e-02,2.395651338651275386e-01,3.765550102544520938e-03,4.209660751441938742e-01,-7.664873503768268592e-02,7.878032966567662942e-01
2.491417444848063600e-01,-3.413215180027180939e-01,-4.264311156331052621e-01,1.921212919754801962e-01,-8.898324063480900215e-02,2.843161454670157795e-01,1.884439834734383257e-01,-2.900059019074755287e-02,-3.371946208987340876e-01,-6.032146020315501955e-01
-2.033068879382134431e-01,3.899349235718525541e-01,9.748101971648787112e-02,-5.672089436455647338e-01,7.885262278916366219e-02,1.754424504230673865e-01,-4.024373739406795769e-01,6.999401194311261065e-02,2.650355456932519671e-02,-5.204164679862233189e-01
7.781382931269258119e-02,1.219629205837212682e-01,2.355487474216607646e-01,2.291874506874333473e-01,-2.996241369264248666e-01,-2.039640458793379463e-01,1.120130860228806813e-01,1.117413769134393414e-01,1.120157870057310462e-01,8.379161027645301019e-01
2.684973646822848559e-01,5.340715533037004858e-01,4.486796585376192081e-01,3.063579286689237513e-01,-1.482752993188270196e-01,3.569532717052558146e-01,-3.634699291312691316e-01,-1.113789257772362928e-01,-2.282729018331854376e-01,3.850649161109061247e-02
5.886108427980527580e-01,-4.748400280558218167e-01,1.745139412140657986e-01,-4.101088868147669819e-01,-1.200108807688172741e-01,2.769169232452135532e-01,1.634621916148558396e-02,-2.740673165329310934e-01,-1.818996223573356996e-01,1.728197020172103637e-01
-2.172145511654149652e-01,6.437582624962663591e-02,1.355328450208112198e-02,-1.937890792076078228e-01,6.376192899060373342e-01,1.885305679755559516e-01,-6.022871512798856353e-01,5.545241052466603343e-02,-1.968184794724916198e-01,2.535177761076995440e-01
-2.967669852241513473e-01,-4.296416002541034174e-02,1.890973259020954089e-01,3.241903289800592280e-01,-4.494624920500702170e-01,-1.252571932825210510e-01,-1.778478231602168835e-01,-2.446453919844942537e-01,6.610912586029528137e-01,1.516492826048706777e-01
-3.438359222427414541e-01,2.502957611380918768e-01,5.786999910929924162e-01,2.815474364826953679e-01,-4.143235955026704498e-01,-1.320478926334916203e-01,3.454795041863484295e-01,-1.929774603899870877e-01,1.210270476210335289e-01,2.112383247052842250e-01
-2.128795288325428803e-01,-1.367063673120158876e-02,-7.443918236925598508e-01,-2.352616135899181504e-01,-5.800498604296139282e-02,-2.865667965469104739e-01,3.749007718456584537e-01,-3.284473129746894871e-01,-1.010609380808568519e-01,3.002597643011379464e-02
5.363066702332088820e-01,-5.342931524887313266e-01,4.328203981761127861e-01,3.807785049054788606e-03,-3.652254159165701508e-01,1.719515496925048403e-01,7.407133908643932785e-02,-2.233443977966080296e-01,2.597378586027151645e-02,-1.433775632256459043e-01
3.067444336368132032e-02,1.789197045614371318e-01,4.285704787494746260e-01,-3.344801741920024329e-01,5.763842635583158458e-01,-5.274894908338066957e-01,-4.101508268022854148e-02,1.589739681653799530e-01,7.592909359724943352e-02,-1.682646921582968969e-01
-1.050638414931620856e-01,-2.488757063027103034e-01,-2.975218906145087328e-01,4.288943632910067194e-01,1.802278149676213581e-01,-3.497931805012872708e-01,4.541341377845787286e-01,1.551303048899410064e-01,4.103473639309849763e-01,3.178479222371775048e-01
-4.012342751007954011e-01,-2.711280895872231200e-01,3.616907267096662326e-01,2.954197163646111735e-01,-1.011638887105978553e-02,5.678655115066495035e-02,6.183908727185232213e-01,-2.863210444486345985e-01,2.647955877311529704e-01,-9.786141202440441778e-02
-9.748785909010955486e-02,4.920838424721031834e-01,3.696601797851303273e-01,3.643277948996537785e-01,5.846546789992709270e-01,9.406506042269720952e-03,3.054105461843183988e-01,-1.389520151427840189e-01,1.451769065249096935e-01,-5.828416766196370391e-02
2.972232376608804211e-02,1.823730482296438693e-01,-2.507261004207832489e-01,6.411670017060505655e-01,-3.082723526642683898e-01,-3.720619415981228362e-01,3.548781265466063872e-01,2.425879767809550891e-01,1.912480717383287510e-01,1.925429440773382961e-01
-6.532168401882411553e-03,-4.785764157736623892e-01,4.043254055099627237e-02,-3.611836677462680889e-01,5.201081452480899037e-01,-7.843728243509029419e-02,-4.403026635779441200e-01,-1.714203787316071759e-01,2.202488632294780924e-01,-3.006786977451879062e-01
-3.365750357540226445e-01,9.975309827261724660e-02,1.002768027575608456e-01,-2.075166443156056806e-01,-1.928190244487701654e-01,9.498939260568958765e-02,-5.927717697619719894e-01,-5.761437842428304146e-01,-2.940943702676279692e-01,-8.737436228338472943e-02
1.402813179143423683e-01,6.656798914131341061e-01,3.869755373539541243e-01,-7.216417434357888516e-02,-8.580102260269482223e-03,-4.523406828287317993e-01,-8.353116498611746349e-03,-1.302426147694141778e-01,1.456104320670701668e-01,-3.732461342902412826e-01
2.568961970965422670e-01,7.581735644602781710e-01,-5.379850979657751359e-02,1.987078201287363899e-01,3.413816441584522354e-01,-1.984648218451068313e-01,1.108479691235372128e-01,6.228866054651896293e-03,4.831575369497818906e-02,-3.823714386165535939e-01
6.383468545357966033e-03,1.296994625261580492e-01,3.779381361100332959e-01,2.498340109744538462e-01,5.607782443622042479e-01,-1.998492127923473805e-01,2.271885661498877496e-01,4.774988191879519367e-02,5.703157389681736689e-01,-2.105144837127714830e-01
-2.495418024731852757e-01,-1.781226992319580871e-01,-6.311622976638752158e-01,-1.562396607772187918e-01,-2.255929561012829931e-01,4.469281930380086115e-02,1.015602999916428717e-01,5.575454030702348129e-01,2.824393338137936582e-01,-1.714396016108078180e-01
-2.395073918121632672e-01,1.311401978477260144e-01,-3.519595372621802665e-01,4.882466039462250995e-01,3.144256612468495082e-01,-1.250770277033879385e-01,-4.567026741338895968e-01,3.609273663087446682e-01,-3.053505298822771843e-02,3.299881066928401219e-01
-7.178473924114312510e-01,-2.698521911174385224e-01,2.360832207422090996e-03,2.115172585093139102e-02,-2.026296541795401251e-01,2.804211262475045374e-01,-4.806668631783367895e-01,-6.410246428659047147e-02,5.415981406655309000e-02,2.316119979149690589e-01
2.223514416194071752e-01,-3.514060738830976360e-01,-4.793498674281760352e-01,3.992233608659165323e-01,1.038349561105737368e-01,-2.338723733306738717e-01,4.846735060605939505e-01,3.614373797648737230e-02,3.684836237242706258e-01,2.109684906786838537e-02
5.113869512479508606e-01,4.355983528987157904e-01,-6.178194592531089518e-02,2.411011558136463007e-01,1.601539107632487802e-01,3.396341256188737945e-01,-2.394515412271689403e-01,1.702477825122152288e-01,2.626543814121196641e-01,-4.364417467763841429e-01
-2.970214257844505101e-01,-5.118878440005956154e-01,-6.762647487954343006e-02,1.801173806026167556e-01,3.771215071553258302e-01,1.859926388687959536e-02,4.088149007358478637e-01,-3.464329210044507223e-01,-4.275828784477734845e-01,-1.394357745895156639e-02
1.281307936561898175e-01,-1.090752639492795738e-02,-6.897339967651998638e-01,-2.973196736384659672e-02,-4.351933058846785829e-01,2.234142003877989668e-01,1.223034364457483147e-01,-3.135599499932235634e-01,-1.714347805402695324e-01,-3.533717224129850343e-01
-2.585637153570381416e-02,3.940151626740960311e-01,-4.066315565361751094e-01,2.079291908067194272e-01,-2.187417909119074855e-01,-3.270757784240738708e-01,-4.415214757360076681e-02,-4.270580031058835435e-01,-2.283913260133753897e-01,-4.941484034174219997e-01
8.006123493124214230e-01,1.436966154511332833e-02,-2.851334639345765587e-01,8.719538227939906128e-02,-4.577292886927444848e-02,-9.004363370987995829e-02,2.502688220114243633e-01,3.086793247577672150e-01,-2.161756690468694952e-01,-2.346420813252257931e-01
-5.677649778480384213e-02,-4.751652989741307898e-01,-3.127675374387577367e-01,2.821518086284804383e-01,3.395561878325288330e-01,-5.140631486601435207e-02,1.190135726292256141e-01,6.424862632357440650e-02,6.355462308038661856e-01,2.311039820413893497e-01
-3.795607480760628677e-02,-2.835307014874190457e-01,-4.766693618935772259e-01,6.037231387963597901e-02,-2.244265635123085245e-01,-4.220152019122536680e-01,-1.918529615730694693e-01,-3.209200271674722549e-01,5.006135072631506810e-01,2.616026785742342486e-01
-2.608815027749794221e-03,4.842686829168214024e-01,2.531652881987576237e-02,-2.818302088801331040e-01,4.983980620859682076e-01,1.763426403793538488e-01,-3.394086410538075804e-01,-6.228279738504866742e-02,-2.865206105837173056e-01,-4.524810003667275038e-01
3.048968046414047839e-01,6.285782180317642798e-01,-4.604071708162092436e-01,1.853289596965766450e-01,-2.141909408380924806e-01,-1.603612324282778223e-01,-1.950155400233809788e-01,-2.844249740420793926e-01,1.597327570270367161e-02,-2.735480210952461189e-01
1.417442348737324997e-01,-2.632938682482155804e-02,-1.252307386955098245e-01,-4.756467746907891980e-01,-3.022811892906838160e-01,3.958944316759941962e-01,2.625266464996447446e-01,-5.123287971055675571e-01,5.205925785275226231e-02,3.937959139659786278e-01
-4.983094609763549787e-01,1.621904085501504056e-01,-1.977900105411400933e-01,1.703209629176984097e-01,-2.278291935356090980e-01,-5.387486411351654070e-01,-4.858136032688981643e-01,1.435312570463108395e-02,7.752591973911013290e-02,-2.699341706317340828e-01
2.363514625254933277e-01,-6.149504137342489685e-01,-2.445700201907356763e-02,-4.482130128876224973e-01,-2.412531111014492857e-01,1.754287125289261118e-02,-3.184502955933575241e-01,-1.423290614408780907e-01,3.724421952023639903e-01,-2.135152634622582424e-01
2.417043479324239019e-01,-3.267412181084756173e-01,1.532334355034637718e-01,4.169399213245192359e-01,-7.148652160276230960e-01,-2.304832668791779171e-01,1.669045814797361083e-01,-5.872611686250223118e-02,1.073452411670358098e-01,-1.746885528872996751e-01
5.474795278143960303e-02,-9.842973612861770361e-02,7.383512425269862511e-01,1.608621607949810295e-01,2.134553639823418836e-01,-2.604166305419418626e-01,-3.082978179131324326e-01,-2.734927054692837256e-01,2.493994718744798056e-01,-2.661750207538041146e-01
7.322717592717944979e-02,5.244614423402017556e-01,2.201364279700355475e-01,-8.238734996593999327e-02,3.035511919376787660e-01,-1.031221530116418900e-01,-5.150415929713363372e-01,-2.547471317213645947e-01,-4.727560237328587989e-01,-8.882875489045692630e-02
5.171001921784333481e-03,4.706635950053674744e-01,9.178560505353226817e-02,-6.151297266033629169e-02,2.328575066296517393e-01,-6.207812758405516496e-01,6.614932401168659160e-02,2.164221595181079760e-01,-4.151164573041641326e-01,3.211115535522637843e-01
1.175378920613006917e-01,-1.442026116606292541e-01,2.197241832706194609e-01,7.884646516651251380e-01,6.315037850737348357e-02,8.619094275156562179e-02,-1.595063068083940883e-01,-2.950959406229598514e-01,2.883218829470739486e-01,-2.972624999772330856e-01
3.950862131704019342e-02,-2.636939975711564133e-01,2.644240257581721987e-01,1.842004033999475876e-01,5.727808859549863296e-01,-2.815579741332639441e-01,-1.489862683262229703e-01,-5.403330747592238748e-01,-2.452750745054381176e-01,2.082912680841957354e-01
1.937776544983926263e-01,-2.360603972762360669e-01,2.226059835387699526e-01,3.470228202275827956e-01,1.058330919023478534e-01,4.804313863286150954e-01,-1.980783499003766768e-01,-3.186128083892635354e-01,-4.553255230824013733e-01,3.829647518224891800e-01
2.232018433373892663e-01,-1.895973740070931723e-02,9.549632207074355839e-02,-3.839003889854464280e-01,8.342374708937602135e-01,4.407689452378783096e-02,3.731418293461875174e-02,2.475564643620179195e-01,1.640705714663077963e-01,7.636605990497909169e-02
-2.362586083499417788e-01,1.409134187330990384e-01,5.625032983098763317e-01,4.021218719479300319e-01,4.761748500013398555e-01,-1.527931781328282224e-01,-2.957750956278206167e-01,-3.759544977911587205e-02,1.665517479667677145e-02,3.270341800945656963e-01
-4.658660165081576210e-01,4.210223964892923498e-01,-4.349308635195653361e-02,-1.175028299484487948e-01,-2.785907754375820944e-01,-4.555140899718282954e-01,2.265850607002928840e-01,2.018142578157918615e-02,-3.550732672711179316e-01,-3.564820073712351989e-01
-9.251229806196258065e-02,4.598333906989403586e-01,-7.152021078514786412e-02,-4.141320590324143458e-01,-6.770485861756245227e-02,-7.513827826687004274e-02,-7.430212915555299835e-01,-1.495881999730529557e-02,-6.362494817849077833e-02,1.918123454416374163e-01
5.194223745319346275e-01,3.164829518191629165e-01,-7.553819288332057347e-02,-3.108534142973767289e-01,7.229272037249678817e-01,1.663607897232271399e-02,3.913119354618781014e-03,-6.777397292842742352e-03,5.564743104387821077e-02,-4.055479097363797608e-02
-1.656707316798826657e-01,-1.579301397589260858e-01,-9.458981380173927048e-03,-1.569383685287339403e-01,-2.058663132203903678e-01,3.073651990736451026e-02,-7.363615101781101346e-02,4.343456876549370294e-01,-7.655868831303624944e-01,3.152217448999576899e-01
3.166148153848674651e-01,-5.268227803420774125e-01,-8.707267367246278311e-02,-9.437852397389480397e-02,-3.576312904271774507e-01,-1.976335875167882505e-01,-2.821835685072756617e-01,4.452302188399416272e-01,2.377442918747760814e-01,3.230864021795437635e-01
3.160725686456525296e-01,-4.944937059960433645e-01,-2.297254890828329121e-01,2.143326343139153600e-01,-5.352584574295207176e-01,3.122737549272843194e-01,-1.052559322873833220e-01,-1.641612324028404457e-01,3.113809644997515558e-01,1.945751443248380230e-01
-1.470008390877326210e-01,4.721286093040035214e-01,-4.402551577197190147e-01,2.508352849064524048e-01,2.415361627799789968e-01,-1.260605303893865825e-01,1.328152953477597376e-01,-5.095068816363071962e-01,3.763032661383330368e-01,-7.530004687435748467e-02
-1.212848331181136663e-01,2.433964143546927805e-01,-1.634253775172377354e-01,-3.267982977163605973e-01,-3.611769562973690118e-01,1.406094871121042200e-01,-2.970916799930558017e-01,4.071562015908162802e-01,-4.830597675766093446e-01,3.936203676584090760e-01
1.530915900934891605e-01,-7.016463743691522814e-02,-3.953347112813749842e-01,2.895702579503666718e-01,-2.730369439693396127e-02,8.004372420453000903e-01,8.287130254255595241e-02,1.090428008689776906e-01,-2.637979333330737752e-01,-4.131362299004769784e-02
1.210022574108935434e-01,-6.722970982560512176e-01,-5.299952630891402450e-01,2.921901116843496071e-01,6.717019139104665748e-02,-7.232706655584208999e-02,7.246701414039305802e-03,1.366404460080908601e-01,-2.121889682827612922e-01,-3.059651965816725938e-01
6.138920131364158927e-02,-3.066784710961675264e-01,1.279699658534200757e-01,-5.336879240792982149e-01,3.225967490064607368e-01,1.481393152655345602e-01,8.025448915897043234e-02,3.080320460786381553e-01,5.220557725682110073e-01,3.179620976615986083e-01
-6.079094409815419819e-01,-4.225529942794988281e-01,-2.063330051652143005e-01,8.616012695672227439e-03,1.709458475741702232e-01,-2.396614109975302165e-01,6.167573941488756206e-02,-2.494490977809649401e-01,-2.019407080831277512e-01,-4.645198169876656458e-01
-2.460649178507953727e-01,-3.602579985526362938e-01,-2.600948057689532189e-01,2.808220817638624189e-01,-2.530387207914795988e-01,7.015961343080896473e-01,1.314816480731467729e-01,4.926348329030501988e-02,-2.287739718609628214e-01,1.866502248188899871e-01
-1.460247574996285380e-01,3.095080410647690211e-02,6.494286977673910943e-01,-2.436796701566405765e-02,2.915415754876683474e-01,-1.783780743346247144e-01,-8.875695111089661193e-03,4.492073342172159811e-01,-1.590456853262756376e-01,4.597723587621413421e-01
2.890323524326882665e-01,-2.297006723087614555e-01,2.582632238203945163e-01,3.971726340297321300e-01,2.539352944758194175e-01,-6.412497400601583353e-01,-2.969489137951563662e-01,-1.010818761779016944e-01,-3.039718866833323457e-02,2.534706123112949183e-01
6.495860859838685497e-02,-4.881351882429436073e-01,1.389813409251455800e-01,2.231996456707856236e-01,2.046314225203854364e-01,3.950794411020412400e-01,3.048402797641677209e-01,1.678532978774826823e-01,-2.564907886693095981e-02,-6.071643412858570565e-01
1.986535562244321762e-01,9.603386402532117228e-02,1.255768480049197500e-01,-5.903628703253616106e-01,-4.998757423867688510e-01,4.869732014272964982e-01,-1.829012744500035925e-02,3.151228953368049313e-01,1.309429133656240217e-02,1.375910673033119494e-02
4.519669410122482134e-01,-2.485763430557064169e-01,4.630093074722449464e-02,-2.226758543746162333e-01,-2.092948098892898345e-01,-1.489267724758713829e-01,1.070008036175898458e-01,-2.306109821665271176e-01,6.048918793205471101e-01,-4.309281724955106863e-01
-6.762091591227635534e-02,-1.591200047980464438e-01,5.235998767170889634e-01,7.112483049150478132e-02,3.733807402994845370e-01,-5.375612416670483285e-01,9.663415577969337866e-02,3.219196229251309882e-01,2.977508302391576253e-02,3.855521214671952523e-01
-1.434389943116293198e-01,3.907981696027883478e-01,6.374618161547074280e-01,-1.006115605265213847e-01,-1.235334630429550662e-01,4.030092063827162008e-01,4.379998045235937720e-01,-1.449839377741058422e-01,-1.165136674819234330e-01,-7.813609776055177591e-02
-4.552679184221691266e-01,-3.110808140558413704e-01,-3.400296797316622044e-01,-2.599973716887928887e-01,-1.174525678088319397e-02,7.931154986409784391e-02,5.250421090866135287e-01,-3.380701351557021117e-01,3.333186351842786777e-01,-7.246250782497525023e-02
-1.654723778973690371e-02,2.257493156193361716e-01,-3.755874436654124127e-01,1.279286379384845795e-01,5.568373842726454664e-02,1.647411450264839039e-01,9.673642243375626948e-02,8.213786540832462846e-01,-2.133450006394846943e-01,-1.776359464702850777e-01
-2.447725727545540519e-01,-2.181940634534536294e-01,-2.503687055736495415e-01,4.670513680705528636e-01,5.579808480507003621e-01,-2.241918681051359719e-01,-3.269532415813945492e-01,1.851742804071199733e-01,-2.169158473106068408e-01,2.486186387187864777e-01
5.595324831152516387e-02,-4.179457140317348607e-01,4.267033992996220881e-01,4.951887122431143373e-01,-1.689681023736227805e-01,-1.069034038762923106e-01,7.882347268338195379e-02,9.222188661055392978e-02,1.815845785185570271e-01,5.542864148320116868e-01
-6.233684430872474258e-02,-2.812326123988072024e-01,-4.859211934906609853e-01,-2.574997797123532162e-01,-1.167032103129551912e-02,6.322058600486861746e-01,-1.823495932511272066e-01,7.883839095445320522e-02,-5.785631852411708340e-03,4.186597750844117671e-01
6.772769234501755387e-01,-1.422852331141942483e-01,-1.311812047088310174e-01,2.798595083775881620e-01,1.827628493315565927e-01,4.949607054312081811e-01,1.565063951944363485e-01,-9.629867398773524212e-02,1.583092932981653156e-01,2.971584607434769598e-01
2.911919074306384969e-01,1.800332732303798478e-01,3.785664632182115796e-01,4.149869688031733173e-01,4.905329112513788226e-01,2.302293381444003861e-01,-5.931077321215540848e-02,5.206918465475276342e-02,4.281941221161347788e-01,-2.899332389348738270e-01
1.198217086182053331e-01,-1.278381901391403563e-01,9.342292254644887078e-03,4.155068535665109586e-01,6.210869160963698038e-02,1.509224131090956995e-02,-4.419638806652697594e-01,2.425382450852622551e-01,2.097874069234844929e-01,7.030747029539456960e-01
-1.663891083169107554e-01,1.184756537866619580e-01,1.348202180955242191e-01,8.527927410835642874e-01,-5.151806352671934458e-02,1.508428394270314998e-01,3.286371377629834778e-01,1.008834351478051922e-01,-2.413480961676870706e-01,1.049276952820151626e-01
3.506957678334320372e-01,-3.353054445034308606e-01,4.343379560039144910e-02,-2.286905233599233200e-01,3.903552546599808881e-01,-4.975404287333564102e-01,-1.825686753520386618e-01,1.232141357396694531e-01,5.113696121279327489e-01,-2.147695268442996810e-02
-1.531244370042849634e-01,5.188245006085842048e-01,-3.993632966444177756e-01,-6.064322968617599230e-01,1.213563083158010342e-01,-1.384669236076248311e-01,-2.816567605970837218e-01,1.953652281317727057e-01,6.724041581917110377e-02,-1.555733004171662992e-01
-3.997953092007672238e-01,2.724386073236453876e-01,2.030356071997735101e-01,-3.096923291530744027e-02,5.766416249001957706e-01,-3.341509022920773897e-01,-4.763693759363433200e-01,-2.160592442108640321e-01,-1.423495500210515338e-02,7.598659387853717861e-02
-9.898697226448982533e-02,1.444597382331592184e-01,-5.135471843269651115e-01,5.924234050656117523e-01,-3.370929076400088625e-02,4.584626878561888774e-01,1.406313163036016223e-01,1.874206477997530651e-01,2.337939795018047495e-01,1.837093310461994644e-01
1.978530395124283858e-01,4.091606591254554615e-01,6.049624065279204932e-02,2.182566998149086113e-01,-2.762385429005938600e-02,4.433195556814780725e-01,-2.082177281115963341e-01,5.543938395859302481e-01,-1.236205264803576405e-02,-4.404437192656758815e-01
3.358512627593950722e-02,-1.785512695457097398e-01,2.203914655517650867e-01,-1.710983869747247921e-01,-1.169758821909931967e-01,-4.953807727589246146e-01,-1.185811188315746695e-01,-6.354682882644077102e-01,-4.152517020793549118e-01,1.993578618384558021e-01
3.166810176121240827e-01,1.714613214741085023e-01,-3.896957587010049795e-01,-1.922789229342776116e-02,-1.451839545498989853e-03,-4.668262082935605295e-01,6.058763145293700747e-01,3.535809708552971053e-01,-8.904956133419857089e-02,1.083511470239726347e-02
6.551423151354676677e-02,-6.419084768878650094e-01,-7.771099939992479055e-02,-2.144115167272590550e-01,-3.149029704666057028e-01,-8.837614699621169911e-02,5.651812280907826391e-01,2.014769260015805974e-01,-1.795750471973780737e-01,1.800163903534657828e-01
