x1,x2,x3,x4,x5,x6,x7,x8,x9,x10,x11,x12,x13,x14,x15
1.335250891055773104e-01,-3.716776142190036242e-02,1.741095341018003007e-01,4.094159509135978925e-01,-6.294435146404622761e-02,-6.293993809119641236e-02,4.245188719285910572e-01,2.062993171659021352e-01,-1.262025831853699487e-01,1.458492328550653472e-01,-1.245744425657341198e-01,-1.251959632468552241e-01,6.504351381006852340e-02,-5.143217957514006899e-01,-4.636868224708980968e-01
-1.717850314330631734e-01,-3.094310593690388078e-01,9.600602023044432776e-02,-2.774113531665056143e-01,-4.314743313877426600e-01,4.477718369085840200e-01,-6.897714578211575076e-02,2.063061007344857423e-02,-4.352762585420754116e-01,-1.663149164457063955e-01,3.388807250565931128e-02,-3.516412112921113442e-01,1.147798813499774084e-01,-1.835017332980843907e-01,-8.911565235086633952e-02
-1.521943448539396504e-01,4.685111631631987406e-01,-3.413958288949447192e-03,-2.675350720858015729e-01,2.080526978865234466e-01,-3.087975031352903632e-01,5.282949756495015220e-02,-4.956746437082777956e-01,-3.359484530297529026e-01,4.979364728805012186e-02,1.867861097994428232e-01,4.334551549603038456e-02,-2.925182175802880369e-02,-7.616050538902985334e-02,-3.739740948539301835e-01
-2.281886402294861782e-01,-1.460212273107013570e-01,3.351048470546183489e-01,1.089260555828699267e-01,-5.588788949477939694e-01,1.027337296514342357e-01,-1.220700269862932119e-01,-2.145824179591690195e-01,1.938997063301816093e-01,3.268240216035749879e-01,2.952132441654042316e-01,-2.660296537051902166e-01,-9.801947527641748092e-02,1.050095994219414908e-01,3.092451303275480790e-01
-1.105533076345397575e-01,-4.283455232177099670e-02,-2.552495127411850695e-01,-2.759843674007412262e-01,1.874629521154590750e-01,3.129066825025701437e-01,-1.661390887721638648e-02,2.315313980169742825e-01,8.343532596535689627e-02,-1.488396434096402599e-01,8.337985725860778963e-02,3.548501072392427624e-01,-8.265651218770873540e-03,3.609887964709099784e-01,-6.044178996743611032e-01
2.631457071947026494e-01,2.786956142465017369e-02,-9.573215834713409700e-02,2.937873325075820649e-02,-6.363531256404162395e-01,-7.033159525379349686e-02,1.143355077741385478e-01,4.731722698155939599e-01,-1.659327990602032787e-01,-2.588526251753496266e-01,-1.606458325301536871e-01,2.930811578598983558e-01,1.052551157612079541e-01,-1.696115083258645795e-01,1.643310744858892669e-01
3.663489129372692749e-02,3.655449088765225785e-01,-2.649391022883361146e-01,-1.236523501293017163e-01,-1.479728285463831339e-01,-5.522977391955234960e-01,1.117491555255049063e-01,9.851640860521573839e-02,1.929703927322327494e-03,-8.852792625918309843e-02,-5.341291948918076571e-01,-1.587421167532251653e-01,-1.293327771669158244e-01,-3.027614597067019853e-01,-6.086561263440982278e-02
9.816063173910427597e-02,4.582324143547154560e-01,4.241215704950290766e-02,6.256962120390689719e-02,-1.808598595636037171e-02,-4.661487322201508521e-01,-6.441314799987349869e-03,1.463240420822515923e-02,5.984231880961112804e-01,-4.673241872006633074e-02,7.325829687895438203e-02,-8.432921711667023396e-03,-2.839201366302416263e-01,2.776388356729730944e-01,1.826755723176540502e-01
1.935638700657265898e-01,-2.225252163294887120e-01,3.432608464752678890e-01,-3.430300356188514255e-01,1.436027086846895506e-01,5.359999298687608826e-01,-2.423821759028716716e-01,-1.385718750817807599e-01,2.438448150646789492e-02,-1.231994440412927244e-01,-3.794441122239843311e-01,1.677721714816070644e-02,-2.599435064318948996e-01,1.158870814892528495e-01,-2.249811953559788524e-01
4.144171548216326606e-01,-2.094240890865227966e-01,-8.611191337609340468e-02,2.175159732756142827e-01,-3.291050810516469305e-01,6.081760533181482242e-02,3.495001978288921896e-01,-4.298044009693433587e-01,4.936688810119772147e-02,6.948673945869901503e-02,2.090416272118074681e-01,-3.307324442874663428e-01,-3.530600204036394851e-01,1.395552856339462300e-01,7.940693677648667792e-02
