x1,x2,x3,x4,x5
2.839623182925458678e-01,-7.904315039072480620e-02,3.702715891939230008e-01,8.706880732762328767e-01,-1.338611648558322431e-01
-1.225114910182726474e-01,8.263185751789193789e-01,4.015580203689674277e-01,-2.456511255857092568e-01,2.838929862793203029e-01
-1.735976935666484755e-01,-1.744637986402446383e-01,9.063981139582634461e-02,-7.167206664110660208e-01,-6.461595272699789394e-01
-2.724338347259570581e-01,-4.907266330714630254e-01,1.522559214267122374e-01,-4.399465896952525212e-01,-6.842750250424718406e-01
6.886278475661734566e-01,-1.060798815734673300e-01,3.172779401880143624e-02,-6.694109104447348857e-01,-2.557755389907131471e-01
7.996633339166588084e-02,-8.297744975533278833e-01,2.708482831874056140e-01,-4.330125527326058044e-01,-2.102879107424916738e-01
-2.545289318586571592e-01,7.835353280585389824e-01,-5.709483867684050917e-03,-4.474240892332684294e-01,3.479461146482797362e-01
-4.557029462122166308e-01,7.796228092139514954e-02,-7.314838792643677534e-01,-4.957705236172906815e-01,7.348217372688717330e-02
4.363011205654228619e-01,1.012478765295232314e-01,-6.832736452036786146e-02,-1.778982060268904097e-01,-8.735409545303147727e-01
-3.195599603699643687e-01,-2.044910630329950518e-01,4.692875663611554282e-01,1.525422386071108583e-01,-7.826652428513342086e-01
